2.010000000000000120e-01 -4.797745571092049688e-01 -8.539967470594480581e-01 -9.163057376460393977e-01 -4.236034173510158651e-01 -7.685354782265659823e-01 -8.176096679185514970e-01
2.110000000000000209e-01 -4.671850894791594877e-01 -8.279838901577232235e-01 -8.861296666050912929e-01 -4.120736420658313581e-01 -7.438305317250939463e-01 -7.888751581537866153e-01
2.210000000000000020e-01 -4.551126326207870498e-01 -8.031210315561764235e-01 -8.574719201293621307e-01 -4.010592371133009371e-01 -7.202860299256587107e-01 -7.616733903009335060e-01
2.310000000000000109e-01 -4.435131529266161943e-01 -7.793190831190864865e-01 -8.301997982024355016e-01 -3.905144953292654098e-01 -6.978105430982656232e-01 -7.358690560113884116e-01
2.410000000000000198e-01 -4.323478198447627818e-01 -7.564987381770104102e-01 -8.041969554560632893e-01 -3.803991261171845717e-01 -6.763226417713246175e-01 -7.113434299267601402e-01
2.510000000000000009e-01 -4.215830236793315366e-01 -7.345890513571752267e-01 -7.793607720185484755e-01 -3.706782514784260907e-01 -6.557494600084506908e-01 -6.879917245585794872e-01
2.610000000000000098e-01 -4.111882124420349616e-01 -7.135262467732803593e-01 -7.556002395486004497e-01 -3.613202230361459155e-01 -6.360254879333563371e-01 -6.657209610512899722e-01
2.710000000000000187e-01 -4.011363914138015296e-01 -6.932527627699547335e-01 -7.328342455544146761e-01 -3.522971036000724365e-01 -6.170916017066594428e-01 -6.444482389600981742e-01
2.810000000000000275e-01 -3.914034141477472084e-01 -6.737164780070343806e-01 -7.109901688395992014e-01 -3.435839418205408058e-01 -5.988942757273082451e-01 -6.240993179058125229e-01
2.910000000000000364e-01 -3.819674492162964952e-01 -6.548700144765648989e-01 -6.900027203442579138e-01 -3.351582241352389357e-01 -5.813848726415266066e-01 -6.046074453820780015e-01
3.010000000000000453e-01 -3.728087804820147122e-01 -6.366701562544455628e-01 -6.698129792655841408e-01 -3.269996616458707983e-01 -5.645190499448470289e-01 -5.859123806034303161e-01
3.109999999999999987e-01 -3.639095287891041530e-01 -6.190773821563655410e-01 -6.503675858865812787e-01 -3.190898997088201239e-01 -5.482562813134299606e-01 -5.679595758139837081e-01
3.210000000000000075e-01 -3.552534104024619444e-01 -6.020554739567841596e-01 -6.316180611395901812e-01 -3.114122654631756304e-01 -5.325594543064902098e-01 -5.506994850707339628e-01
3.310000000000000164e-01 -3.468255605041817291e-01 -5.855711349233588825e-01 -6.135202294281713042e-01 -3.039515814947603700e-01 -5.173944791454653247e-01 -5.340869770045251208e-01
3.410000000000000253e-01 -3.386123675468833416e-01 -5.695937002981680264e-01 -5.960337261594160774e-01 -2.966939913467331880e-01 -5.027299901770906354e-01 -5.180808329886740227e-01
3.509999999999999787e-01 -3.306013366871407566e-01 -5.540948415958668605e-01 -5.791215752325149513e-01 -2.896268150076150016e-01 -4.885370418456307928e-01 -5.026433159327182709e-01
3.609999999999999876e-01 -3.227809722458985231e-01 -5.390483799811013332e-01 -5.627498246626869705e-01 -2.827384242495298849e-01 -4.747889144026604669e-01 -4.877397978481786134e-01
3.709999999999999964e-01 -3.151406741814666845e-01 -5.244300523121599999e-01 -5.468872307956407219e-01 -2.760181327069196611e-01 -4.614608728978688013e-01 -4.733384366148424838e-01
3.810000000000000053e-01 -3.076706500249710152e-01 -5.102173397561503565e-01 -5.315049833772514942e-01 -2.694561021050368987e-01 -4.485299893214817479e-01 -4.594098941728752550e-01
3.910000000000000142e-01 -3.003618361736702380e-01 -4.963893094581667831e-01 -5.165764651475072133e-01 -2.630432584406609542e-01 -4.359749783397376399e-01 -4.459270897812723233e-01
4.010000000000000231e-01 -2.932058204452195338e-01 -4.829264740515419874e-01 -5.020770407668276869e-01 -2.567712099784473234e-01 -4.237760513737249268e-01 -4.328649831152955874e-01
4.110000000000000320e-01 -2.861948280657390375e-01 -4.698106665638260848e-01 -4.879838707819966759e-01 -2.506322291659968671e-01 -4.119147865402609798e-01 -4.202003828764307447e-01
4.210000000000000409e-01 -2.793215728360428640e-01 -4.570249287330745980e-01 -4.742757470672357978e-01 -2.446191001812938470e-01 -4.003740124357753061e-01 -4.079117773211105025e-01
4.310000000000000497e-01 -2.725793069833756244e-01 -4.445534105999734975e-01 -4.609329467668203950e-01 -2.387251655647275039e-01 -3.891377035934134310e-01 -3.959791836988667546e-01
4.410000000000000031e-01 -2.659583152419899288e-01 -4.323812809463918883e-01 -4.479371022423980220e-01 -2.329408174264588072e-01 -3.781908871546837969e-01 -3.843840140781110692e-01
4.510000000000000120e-01 -2.594629559954433340e-01 -4.204946459282837279e-01 -4.352710849227368062e-01 -2.272705360496209970e-01 -3.675195580746182245e-01 -3.731089554257279173e-01
4.610000000000000209e-01 -2.530774882953787386e-01 -4.088804759171972836e-01 -4.229189012742335940e-01 -2.216987146571633149e-01 -3.571106028405345301e-01 -3.621378621333006254e-01
4.710000000000000298e-01 -2.468001810074595403e-01 -3.975265391858446851e-01 -4.108655993817852403e-01 -2.162237665586918545e-01 -3.469517303297783295e-01 -3.514556594516958232e-01
4.810000000000000386e-01 -2.406262123746277237e-01 -3.864213417748151302e-01 -3.990971848416257073e-01 -2.108410229488485166e-01 -3.370314090980318089e-01 -3.410482565160444790e-01
4.909999999999999920e-01 -2.345510611914742305e-01 -3.755540726470805724e-01 -3.876005448634999850e-01 -2.055461225230666156e-01 -3.273388101994947896e-01 -3.309024678310653056e-01
5.010000000000000009e-01 -2.285704887465712931e-01 -3.649145540500935425e-01 -3.763633796226611428e-01 -2.003349920454100819e-01 -3.178637554329608594e-01 -3.210059422418277131e-01
5.110000000000000098e-01 -2.226805078956379802e-01 -3.544931958810318973e-01 -3.653741400446992027e-01 -1.952038142134354670e-01 -3.085966697860177965e-01 -3.113470985461677110e-01
5.210000000000000187e-01 -2.168773708627645957e-01 -3.442809541266766415e-01 -3.546219712985889672e-01 -1.901490143939658650e-01 -2.995285381399990787e-01 -3.019150670166340089e-01
5.310000000000000275e-01 -2.111575513486115274e-01 -3.342692927778024847e-01 -3.440966613888190029e-01 -1.851672418009825405e-01 -2.906508656070628249e-01 -2.926996361937866942e-01
5.410000000000000364e-01 -2.055177263116953201e-01 -3.244501489019374074e-01 -3.337885942909818437e-01 -1.802553504602091849e-01 -2.819556411825814290e-01 -2.836912043923535132e-01
5.510000000000000453e-01 -1.999547666066606721e-01 -3.148159005162549096e-01 -3.236887071697636120e-01 -1.754103891339288956e-01 -2.734353043294266983e-01 -2.748807354318691942e-01
5.609999999999999432e-01 -1.944657195243235104e-01 -3.053593371399498380e-01 -3.137768842062690355e-01 -1.706295832452339178e-01 -2.650827143708754940e-01 -2.662481511217713592e-01
5.709999999999999520e-01 -1.890477900737345673e-01 -2.960736325697152505e-01 -3.040685352943640063e-01 -1.659103156139119239e-01 -2.568911222135692451e-01 -2.578089087310950211e-01
5.809999999999999609e-01 -1.836983457828288424e-01 -2.869523198312601275e-01 -2.945441174696846742e-01 -1.612501308007915357e-01 -2.488541443516212037e-01 -2.495435213103121830e-01
5.909999999999999698e-01 -1.784148961587641857e-01 -2.779892680382675119e-01 -2.851964206831517079e-01 -1.566467141579697686e-01 -2.409657388735957362e-01 -2.414448424565837636e-01
6.009999999999999787e-01 -1.731950831082105791e-01 -2.691786610199119467e-01 -2.760186222756548236e-01 -1.520978819148465500e-01 -2.332201833165076510e-01 -2.335061198783761893e-01
6.109999999999999876e-01 -1.680366743306809518e-01 -2.605149775268412737e-01 -2.670042614075349707e-01 -1.476015742683718102e-01 -2.256120541807699331e-01 -2.257209689957682675e-01
6.209999999999999964e-01 -1.629375551719986215e-01 -2.519929966019972545e-01 -2.581472154767899263e-01 -1.431558469933076894e-01 -2.181362316752633035e-01 -2.180833486134868549e-01
6.310000000000000053e-01 -1.578957191443607633e-01 -2.436076843058770924e-01 -2.494416783577149410e-01 -1.387588617546490766e-01 -2.107877858809233951e-01 -2.105875384784438586e-01
6.410000000000000142e-01 -1.529092695530603063e-01 -2.353543247449701170e-01 -2.408821402853625337e-01 -1.344088875562187702e-01 -2.035621072767608009e-01 -2.032281185537382906e-01
6.510000000000000231e-01 -1.479765254964522658e-01 -2.272284173438914867e-01 -2.324633692507697691e-01 -1.301044066003463062e-01 -1.964548035560492734e-01 -1.959999498584924227e-01
6.610000000000000320e-01 -1.430953685432105882e-01 -2.192256421549916845e-01 -2.241803937696795201e-01 -1.258434608487219719e-01 -1.894616645319575354e-01 -1.888981567365756731e-01
6.710000000000000409e-01 -1.382645759660498519e-01 -2.113419179559083427e-01 -2.160284869119987738e-01 -1.216249851627320272e-01 -1.825787198700398462e-01 -1.819181104326604848e-01
6.810000000000000497e-01 -1.334824580089818413e-01 -2.035733424484050813e-01 -2.080031514808687310e-01 -1.174474445063948685e-01 -1.758021789630581089e-01 -1.750554138647787694e-01
6.910000000000000586e-01 -1.287475390599095992e-01 -1.959161934845065900e-01 -2.001001062504613182e-01 -1.133095150551853142e-01 -1.691284318654632524e-01 -1.683058874935181026e-01
7.010000000000000675e-01 -1.240584126391392483e-01 -1.883669266529465480e-01 -1.923152731726260334e-01 -1.092099391561304894e-01 -1.625540466188900302e-01 -1.616655561973236455e-01
7.110000000000000764e-01 -1.194137385259748940e-01 -1.809221337576392974e-01 -1.846447654734521826e-01 -1.051475224338628417e-01 -1.560757275019154233e-01 -1.551306370719623684e-01
7.210000000000000853e-01 -1.148122433275250848e-01 -1.735785827553861238e-01 -1.770848765724215845e-01 -1.011211343436046184e-01 -1.496903547622286945e-01 -1.486975280800002519e-01
7.310000000000000941e-01 -1.102526997137179832e-01 -1.663331822665767845e-01 -1.696320697530322441e-01 -9.712968740963989767e-02 -1.433949489437370828e-01 -1.423627974825294740e-01
7.410000000000001030e-01 -1.057339483754507203e-01 -1.591829573256965114e-01 -1.622829685316972415e-01 -9.317215918919173612e-02 -1.371866464767214355e-01 -1.361231739913793815e-01
7.510000000000001119e-01 -1.012548698763131583e-01 -1.521230092541437096e-01 -1.550343476661105446e-01 -8.924756415406259746e-02 -1.310606594091610899e-01 -1.299755375858783757e-01
7.610000000000001208e-01 -9.681441548737727831e-02 -1.451547942898160082e-01 -1.478831247608570765e-01 -8.535498453381017148e-02 -1.250185539096876353e-01 -1.239169109433287119e-01
7.710000000000001297e-01 -9.241159534124837593e-02 -1.382736097300117650e-01 -1.408263524154243218e-01 -8.149355851579907772e-02 -1.190557363029592503e-01 -1.179444514357871759e-01
7.809999999999999165e-01 -8.804537167486491123e-02 -1.314769706784502945e-01 -1.338612108843154624e-01 -7.766237350945459639e-02 -1.131698297191748026e-01 -1.120554436513826330e-01
7.909999999999999254e-01 -8.371482016501013979e-02 -1.247624901200208164e-01 -1.269850012022051000e-01 -7.386062753326483321e-02 -1.073585540867794674e-01 -1.062472923998824537e-01
8.009999999999999343e-01 -7.941910171952476505e-02 -1.181278787075753650e-01 -1.201951387498785967e-01 -7.008760104145589365e-02 -1.016197258486420257e-01 -1.005175161677569068e-01
8.109999999999999432e-01 -7.515733662162232820e-02 -1.115709397798834157e-01 -1.134891472179895555e-01 -6.634253111765317512e-02 -9.595125291499474740e-02 -9.486374098974349744e-02
8.209999999999999520e-01 -7.092870752522867361e-02 -1.050895646713008030e-01 -1.068646529482584484e-01 -6.262471451725601379e-02 -9.035112992659084796e-02 -8.928369470553210174e-02
8.309999999999999609e-01 -6.673242884097944916e-02 -9.868172831002769430e-02 -1.003193796245372138e-01 -5.893347710384716498e-02 -8.481743380303143065e-02 -8.377520157616087648e-02
8.409999999999999698e-01 -6.256774676595949769e-02 -9.234549550482443192e-02 -9.385114328189643473e-02 -5.526817393183516142e-02 -7.934832999762697625e-02 -7.833617723223053331e-02
8.509999999999999787e-01 -5.843393762398212815e-02 -8.607897388290791651e-02 -8.745784762350818087e-02 -5.162818763699837665e-02 -7.394202540298044912e-02 -7.296462393247742095e-02
8.609999999999999876e-01 -5.433030600879226735e-02 -7.988037716815393763e-02 -8.113747961307092582e-02 -4.801292663793316207e-02 -6.859683160769484978e-02 -6.765862610953014833e-02
8.709999999999999964e-01 -5.025618355126049847e-02 -7.374797551294159925e-02 -7.488810532855370850e-02 -4.442182394922314370e-02 -6.331111520734077069e-02 -6.241634618428090059e-02
8.810000000000000053e-01 -4.621092743434811190e-02 -6.768010418698498787e-02 -6.870786606195410096e-02 -4.085433575946440660e-02 -5.808330648176470573e-02 -5.723602062959842057e-02
8.910000000000000142e-01 -4.219391927011156146e-02 -6.167516049085821489e-02 -6.259497464410064549e-02 -3.730994035700905403e-02 -5.291189629898788299e-02 -5.211595626699490336e-02
9.010000000000000231e-01 -3.820456338941769642e-02 -5.573160451206361082e-02 -5.654771198076666283e-02 -3.378813647588341934e-02 -4.779543686526432911e-02 -4.705452677988784110e-02
9.110000000000000320e-01 -3.424229636191682136e-02 -4.984794092471441646e-02 -5.056442378871266879e-02 -3.028845286538765086e-02 -4.273252352453919128e-02 -4.205016942991518514e-02
9.210000000000000409e-01 -3.030654477517575468e-02 -4.402274080245777155e-02 -4.464351751549407166e-02 -2.681040613159989608e-02 -3.772181657121154857e-02 -3.710138196226149543e-02
9.310000000000000497e-01 -2.639678793294701620e-02 -3.825462198823712662e-02 -3.878345943185275424e-02 -2.335356348022258818e-02 -3.276202162384787842e-02 -3.220671968758212489e-02
9.410000000000000586e-01 -2.251251212081208444e-02 -3.254224898678028527e-02 -3.298277188770632612e-02 -1.991749703599662857e-02 -2.785188952579679272e-02 -2.736479272930764442e-02
9.510000000000000675e-01 -1.865297673928670991e-02 -2.688459667025543468e-02 -2.724003071679689109e-02 -1.650155003237863474e-02 -2.299048005800337358e-02 -2.257426342573186015e-02
9.610000000000000764e-01 -1.481819654129183476e-02 -2.127985733108838512e-02 -2.155386278663533675e-02 -1.310581909007976602e-02 -1.817606900100569509e-02 -1.783384387634866577e-02
9.710000000000000853e-01 -1.100746001194762534e-02 -1.572713818587979234e-02 -1.592294368041538219e-02 -9.729672658291443899e-03 -1.340784565442910969e-02 -1.314229362425193247e-02
9.810000000000000941e-01 -7.220326121196939638e-03 -1.022538199025800447e-02 -1.034599550014229062e-02 -6.372747804385359323e-03 -8.684833461418019554e-03 -8.498417465021597048e-03
9.910000000000001030e-01 -3.456197345468692110e-03 -4.772108195457465916e-03 -4.821784794350254810e-03 -3.034523292923852616e-03 -4.004631182422770282e-03 -3.901063375053540495e-03
1.001000000000000112e+00 1.785285024866792281e-04 1.781405002643314506e-04 2.108046805124572673e-04 4.934270322469753306e-04 7.518234207677317342e-04 8.991874520106647598e-04
1.011000000000000121e+00 2.852087405003100613e-03 1.057244836263916557e-03 1.256605295190031755e-03 5.887388386444868636e-03 6.577359809340583771e-03 7.877897845237284702e-03
1.021000000000000130e+00 5.531621740368741595e-03 1.938889141096597577e-03 2.296652239980858257e-03 1.127146651551916984e-02 1.235982604515626325e-02 1.479180108253012882e-02
1.031000000000000139e+00 8.216369837983579505e-03 2.820636839579944259e-03 3.331162555197914911e-03 1.664507626690877110e-02 1.809762371091343941e-02 2.164226912116804999e-02
1.040999999999999925e+00 1.090609166965270972e-02 3.704099243429798648e-03 4.360342777065839316e-03 2.200815141950020204e-02 2.379317922610160035e-02 2.843062985471350376e-02
1.050999999999999934e+00 1.360037404908377712e-02 4.589155583938820185e-03 5.384389476983300789e-03 2.736044992097705700e-02 2.944716471710166414e-02 3.515816894032292028e-02
1.060999999999999943e+00 1.629857244839379160e-02 5.475459680376443782e-03 6.403489772566015557e-03 3.270149575319634266e-02 3.506000548802445244e-02 4.182613153471753664e-02
1.070999999999999952e+00 1.900080265382365560e-02 6.363618933100410879e-03 7.417821808955297504e-03 3.803157063355470935e-02 4.063305978312958117e-02 4.843572394542217108e-02
1.080999999999999961e+00 2.170645503660624878e-02 7.253340937184754762e-03 8.427555213914736387e-03 4.335022832811025184e-02 4.616676613249050265e-02 5.498811520055237045e-02
1.090999999999999970e+00 2.441517803400160627e-02 8.144612708789963212e-03 9.432851528943499153e-03 4.865727818544331174e-02 5.166182328023469217e-02 6.148443854267808539e-02
1.100999999999999979e+00 2.712664334258514318e-02 9.037420050328634491e-03 1.043386461706579879e-02 5.395255036806689136e-02 5.711891021779959277e-02 6.792579285044711424e-02
1.110999999999999988e+00 2.984051697852562954e-02 9.931747638678678838e-03 1.143074104582504635e-02 5.923586695662208523e-02 6.253868691667942292e-02 7.431324399271176107e-02
1.120999999999999996e+00 3.255648912337045370e-02 1.082757911524725829e-02 1.242362045402715942e-02 6.450707184338815015e-02 6.792179502670850355e-02 8.064782611797111089e-02
1.131000000000000005e+00 3.527426312614192344e-02 1.172489716044404842e-02 1.341263589668393111e-02 6.976601976971029406e-02 7.326885854623386984e-02 8.693054288339036040e-02
1.141000000000000014e+00 3.799355224484376320e-02 1.262368357731894972e-02 1.439791417045554675e-02 7.501257311724551791e-02 7.858048445973822571e-02 9.316236862650655037e-02
1.151000000000000023e+00 4.071408015133032299e-02 1.352392585136270690e-02 1.537957612393150639e-02 8.024660244449211000e-02 8.385726984281156871e-02 9.934424948231224128e-02
1.161000000000000032e+00 4.343558129135387247e-02 1.442559207141837392e-02 1.635773695146143514e-02 8.546798689597380483e-02 8.909977729752729947e-02 1.054771044492899962e-01
1.171000000000000041e+00 4.615780036408053538e-02 1.532866752760208076e-02 1.733250646890386812e-02 9.067661371363833211e-02 9.430857204534244531e-02 1.115618264067721882e-01
1.181000000000000050e+00 4.888049194365521460e-02 1.623313118396678412e-02 1.830398937954664379e-02 9.587237790094800538e-02 9.948419887600995493e-02 1.175992830859627913e-01
1.191000000000000059e+00 5.160341988305342659e-02 1.713896144754842310e-02 1.927228552051609908e-02 1.010551816666519220e-01 1.046271883725167773e-01 1.235903179976444860e-01
1.201000000000000068e+00 5.432635713218356144e-02 1.804613622454345409e-02 2.023749010210196611e-02 1.062249342717703077e-01 1.097380574040051626e-01 1.295357513182953113e-01
1.211000000000000076e+00 5.704908556165452782e-02 1.895463296954269170e-02 2.119969393016154710e-02 1.113815519015482619e-01 1.148173095962315565e-01 1.354363807368308970e-01
1.221000000000000085e+00 5.977139449609884109e-02 1.986442873531099954e-02 2.215898361945432826e-02 1.165249562258558746e-01 1.198654357840107515e-01 1.412929822646928901e-01
1.231000000000000094e+00 6.249308219656181385e-02 2.077550021723377494e-02 2.311544179686178535e-02 1.216550759200349663e-01 1.248829144440291444e-01 1.471063110099243565e-01
1.241000000000000103e+00 6.521395464077640869e-02 2.168783890889693089e-02 2.406914729040649306e-02 1.267718454786699589e-01 1.298702272222957144e-01 1.528771019179534785e-01
1.251000000000000112e+00 6.793382470918574167e-02 2.260139180356447036e-02 2.502017531329744568e-02 1.318752044377851096e-01 1.348277999957525064e-01 1.586060704808328337e-01
1.261000000000000121e+00 7.065251296322354324e-02 2.351614879947343251e-02 2.596859763551520248e-02 1.369650981842645832e-01 1.397560906196477215e-01 1.642939134156703174e-01
1.271000000000000130e+00 7.336984574754744359e-02 2.443208556708778914e-02 2.691448274803097049e-02 1.420414760906969776e-01 1.446555321260282190e-01 1.699413093147326970e-01
1.281000000000000139e+00 7.608562143450446624e-02 2.534917760712491336e-02 2.785789601853873657e-02 1.471042577927921813e-01 1.495265471045348071e-01 1.755489192679412780e-01
1.291000000000000147e+00 7.879976503986205194e-02 2.626740028634355975e-02 2.879889983923257166e-02 1.521534878356637643e-01 1.543695480401632292e-01 1.811173874597509503e-01
1.301000000000000156e+00 8.151209383815882781e-02 2.718672886426314050e-02 2.973755376751338261e-02 1.571891013217264210e-01 1.591849376391149262e-01 1.866473417403838875e-01
1.311000000000000165e+00 8.422240614305337436e-02 2.810713852207556707e-02 3.067391465850395627e-02 1.622110127194950069e-01 1.639731091403214547e-01 1.921393941748076040e-01
1.321000000000000174e+00 8.693059284655361985e-02 2.902860438763887885e-02 3.160803679441567121e-02 1.672192274298024417e-01 1.687344466158030576e-01 1.975941415681577440e-01
1.331000000000000183e+00 8.963651739469513657e-02 2.995110156054968734e-02 3.253997200263174933e-02 1.722137217961171585e-01 1.734693252586882173e-01 2.030121659703414683e-01
1.341000000000000192e+00 9.234004758386976652e-02 3.087252183176620798e-02 3.346976977206744114e-02 1.771944749280016940e-01 1.781760283588457727e-01 2.083940351603357499e-01
1.351000000000000201e+00 9.504106036100160027e-02 3.179699390470885206e-02 3.439747736097477360e-02 1.821614735236526950e-01 1.828590677709724943e-01 2.137403031108001950e-01
1.360999999999999988e+00 9.773942577667406317e-02 3.272242788667062419e-02 3.532313990252090863e-02 1.871146958574159969e-01 1.875167286365734542e-01 2.190515104344981367e-01
1.370999999999999996e+00 1.004350347184061326e-01 3.364878876556772619e-02 3.624680050167658485e-02 1.920541395358187631e-01 1.921493430970268035e-01 2.243281848129707046e-01
1.381000000000000005e+00 1.031277720811074605e-01 3.457605679552679112e-02 3.716850033081340460e-02 1.969797946959597756e-01 1.967572508959373745e-01 2.295708414082164306e-01
1.391000000000000014e+00 1.058175299690240628e-01 3.550420733095077663e-02 3.808827871757987371e-02 2.018916572296521328e-01 2.013407794239280568e-01 2.347799832586605628e-01
1.401000000000000023e+00 1.085042085552384572e-01 3.643321582546915627e-02 3.900617323142041570e-02 2.067897296745989377e-01 2.059002489275702508e-01 2.399561016595331553e-01
1.411000000000000032e+00 1.111877001839274848e-01 3.736306427827724985e-02 3.992221976384675158e-02 2.116740053378619313e-01 2.104359791508392252e-01 2.450996765289177315e-01
1.421000000000000041e+00 1.138679129565540321e-01 3.829371577762578915e-02 4.083645260584695125e-02 2.165444919023032655e-01 2.149482640708932080e-01 2.502111767595077141e-01
1.431000000000000050e+00 1.165447561940649579e-01 3.922515234528467509e-02 4.174890452084155379e-02 2.214011969189761120e-01 2.194374099274886969e-01 2.552910605571625524e-01
1.441000000000000059e+00 1.192180739371526271e-01 4.015734996869327333e-02 4.265960681567750046e-02 2.262440613301788250e-01 2.239037104365793895e-01 2.603397757668928780e-01
1.451000000000000068e+00 1.218879800023620202e-01 4.109028479978010101e-02 4.356858940618985737e-02 2.310732945405263861e-01 2.283474531569968657e-01 2.653577601860744317e-01
1.461000000000000076e+00 1.245541928257300479e-01 4.202393315879988933e-02 4.447588088207727469e-02 2.358887092951632847e-01 2.327689196666864468e-01 2.703454418668220227e-01
1.471000000000000085e+00 1.272167019424420287e-01 4.295827154683456994e-02 4.538150856622294449e-02 2.406903881714627658e-01 2.371683857327624434e-01 2.753032394067713717e-01
1.481000000000000094e+00 1.298754348117011626e-01 4.389327665124743288e-02 4.628549857253511784e-02 2.454783504295503516e-01 2.415461214765310949e-01 2.802315622288549246e-01
1.491000000000000103e+00 1.325303143500743130e-01 4.482893382352560324e-02 4.718787586154485347e-02 2.502526095659444172e-01 2.459024000002631716e-01 2.851308108516083517e-01
1.501000000000000112e+00 1.351812743171347253e-01 4.576522674756619558e-02 4.808866429252172531e-02 2.550131887185782542e-01 2.502374872036589037e-01 2.900013771491827264e-01
1.511000000000000121e+00 1.378282480291437295e-01 4.670209507017067385e-02 4.898788667353184967e-02 2.597601094071493311e-01 2.545515995540523768e-01 2.948436446021584501e-01
1.521000000000000130e+00 1.404711723250188504e-01 4.763953887381472407e-02 4.988556480899739021e-02 2.644933955071759879e-01 2.588450086984131482e-01 2.996579885394131115e-01
1.531000000000000139e+00 1.431099864440127378e-01 4.857753587935213085e-02 5.078171954466636356e-02 2.692130721593344322e-01 2.631179587980133627e-01 3.044447763711812249e-01
1.541000000000000147e+00 1.457446320265656237e-01 4.951606403827953778e-02 5.167637081191477771e-02 2.739191657817211523e-01 2.673706892480699482e-01 3.092043678144843488e-01
1.551000000000000156e+00 1.483750535125483161e-01 5.045510150402578164e-02 5.256953766919929966e-02 2.786117044874686921e-01 2.716034347765277635e-01 3.139371151097271051e-01
1.561000000000000165e+00 1.510011975815409302e-01 5.139462668432228515e-02 5.346123833959598448e-02 2.832907175483788675e-01 2.758164256138638248e-01 3.186433632308614539e-01
1.571000000000000174e+00 1.536230132257278003e-01 5.233461821044765178e-02 5.435149025158851621e-02 2.879562354808893332e-01 2.800098875826435574e-01 3.233234500870008632e-01
1.581000000000000183e+00 1.562404518234787876e-01 5.327505499543291889e-02 5.524031007182195196e-02 2.926082901389693847e-01 2.841840422665249388e-01 3.279777067185846717e-01
1.591000000000000192e+00 1.588534672431723138e-01 5.421591605581935897e-02 5.612771374132313057e-02 2.972469148324118904e-01 2.883391069430926712e-01 3.326064574851548827e-01
1.601000000000000201e+00 1.614620143433939115e-01 5.515718078255525680e-02 5.701371650834173577e-02 3.018721428509274496e-01 2.924752949606852503e-01 3.372100202484167308e-01
1.610999999999999988e+00 1.640660515928489827e-01 5.609882876315350209e-02 5.789833295772821298e-02 3.064840100955771862e-01 2.965928156658389492e-01 3.417887065477961950e-01
1.620999999999999996e+00 1.666655360299581501e-01 5.704083982947589365e-02 5.878157704335032485e-02 3.110825500522110265e-01 3.006918745485289146e-01 3.463428217709077495e-01
1.631000000000000005e+00 1.692604307253335882e-01 5.798319405630546902e-02 5.966346211483498224e-02 3.156678012767957786e-01 3.047726733417410738e-01 3.508726653180667121e-01
1.641000000000000014e+00 1.718506980287544672e-01 5.892587179650303486e-02 6.054400094436006990e-02 3.202398006523868301e-01 3.088354101465774493e-01 3.553785307612413180e-01
1.651000000000000023e+00 1.744363036937518763e-01 5.986885355462410324e-02 6.142320575471668653e-02 3.247985875332815020e-01 3.128802794016056210e-01 3.598607059979681555e-01
1.661000000000000032e+00 1.770172137618470920e-01 6.081212017476183423e-02 6.230108824252763439e-02 3.293442006397751531e-01 3.169074721574656195e-01 3.643194733999898238e-01
1.671000000000000041e+00 1.795933964725942578e-01 6.175565271797676253e-02 6.317765960166986383e-02 3.338766799880424352e-01 3.209171760398584206e-01 3.687551099575993585e-01
1.681000000000000050e+00 1.821648218979775302e-01 6.269943248913381617e-02 6.405293054742818015e-02 3.383960665338466844e-01 3.249095753646482621e-01 3.731678874184372607e-01
1.691000000000000059e+00 1.847314618596574698e-01 6.364344104117976297e-02 6.492691133626758704e-02 3.429024021087677676e-01 3.288848512185890693e-01 3.775580724225579554e-01
1.701000000000000068e+00 1.872932883427075035e-01 6.458766017372967461e-02 6.579961178854741577e-02 3.473957278449720798e-01 3.328431815382981163e-01 3.819259266331491709e-01
1.711000000000000076e+00 1.898502767368392130e-01 6.553207192866453146e-02 6.667104130641726689e-02 3.518760874314988407e-01 3.367847411867166407e-01 3.862717068623399697e-01
1.721000000000000085e+00 1.924024017353095917e-01 6.647665859582187198e-02 6.754120889322727528e-02 3.563435230258588660e-01 3.407097020269626575e-01 3.905956651939907487e-01
1.731000000000000094e+00 1.949496407709829793e-01 6.742140270625664178e-02 6.841012317264197340e-02 3.607980787030343195e-01 3.446182329942118483e-01 3.948980491022748285e-01
1.741000000000000103e+00 1.974919726201017911e-01 6.836628703516559047e-02 6.927779240467692168e-02 3.652397990737999978e-01 3.485105001653829859e-01 3.991791015661498854e-01
1.751000000000000112e+00 2.000293760468743187e-01 6.931129459867782505e-02 7.014422450196912406e-02 3.696687279390351577e-01 3.523866668263698765e-01 4.034390611809247074e-01
1.761000000000000121e+00 2.025618322904227664e-01 7.025640868559461516e-02 7.100942704668292138e-02 3.740849107924582029e-01 3.562468935706355477e-01 4.076781622658239845e-01
1.771000000000000130e+00 2.050893233532969928e-01 7.120161272672648201e-02 7.187340730485981821e-02 3.784883931212535968e-01 3.600913382317303957e-01 4.118966349689772710e-01
1.781000000000000139e+00 2.076118328392381474e-01 7.214689048710336283e-02 7.273617224042648599e-02 3.828792212498790537e-01 3.639201561410776997e-01 4.160947053681892105e-01
1.791000000000000147e+00 2.101293446805526377e-01 7.309222593565153914e-02 7.359772852973382740e-02 3.872574410884295215e-01 3.677335000573565549e-01 4.202725955695492677e-01
1.801000000000000156e+00 2.126418432923274093e-01 7.403760327569088029e-02 7.445808257502657679e-02 3.916230982924933657e-01 3.715315202575317222e-01 4.244305238026494509e-01
1.811000000000000165e+00 2.151493158569874886e-01 7.498300694280327083e-02 7.531724051474210369e-02 3.959762405577213484e-01 3.753143645925083871e-01 4.285687045132152151e-01
1.821000000000000174e+00 2.176517495829337900e-01 7.592842160406997054e-02 7.617520823818574316e-02 4.003169148960338819e-01 3.790821785427801460e-01 4.326873484522833491e-01
1.831000000000000183e+00 2.201491327621598604e-01 7.687383215476266407e-02 7.703199139641263293e-02 4.046451686980201967e-01 3.828351052713767633e-01 4.367866627638423149e-01
1.841000000000000192e+00 2.226414546197143240e-01 7.781922371739144473e-02 7.788759541245102169e-02 4.089610495946425783e-01 3.865732856757598812e-01 4.408668510689738307e-01
1.851000000000000201e+00 2.251287052799646193e-01 7.876458163989671912e-02 7.874202549074926782e-02 4.132646054384164214e-01 3.902968584376285688e-01 4.449281135479243865e-01
1.861000000000000210e+00 2.276108751452777246e-01 7.970989149296946186e-02 7.959528663112035163e-02 4.175558836838286214e-01 3.940059600727474631e-01 4.489706470197152299e-01
1.870999999999999996e+00 2.300879572518412519e-01 8.065513906855027726e-02 8.044738363406761517e-02 4.218349337616310035e-01 3.977007249772626096e-01 4.529946450193564345e-01
1.881000000000000005e+00 2.325599436531874398e-01 8.160031037775604401e-02 8.129832111265510031e-02 4.261018034692765077e-01 4.013812854750401504e-01 4.570002978732216614e-01
1.891000000000000014e+00 2.350268277876775835e-01 8.254539164752426605e-02 8.214810350019843832e-02 4.303565413448928734e-01 4.050477718616196654e-01 4.609877927715305690e-01
1.901000000000000023e+00 2.374886038676478628e-01 8.349036932078207629e-02 8.299673505887544822e-02 4.345991960713856406e-01 4.087003124484205885e-01 4.649573138395554639e-01
1.911000000000000032e+00 2.399452668463302463e-01 8.443523005106398638e-02 8.384421988760783206e-02 4.388298164501213683e-01 4.123390336051811489e-01 4.689090422062893171e-01
1.921000000000000041e+00 2.423968123523999318e-01 8.537996070447624597e-02 8.469056193017826528e-02 4.430484513434753691e-01 4.159640598010524992e-01 4.728431560714498327e-01
1.931000000000000050e+00 2.448432366158001805e-01 8.632454835283102923e-02 8.553576498302363496e-02 4.472551496130116044e-01 4.195755136449654255e-01 4.767598307703881377e-01
1.941000000000000059e+00 2.472845369300057938e-01 8.726898027589274909e-02 8.637983270065577313e-02 4.514499605877647093e-01 4.231735159247539402e-01 4.806592388373726044e-01
1.951000000000000068e+00 2.497207105327963472e-01 8.821324392464384434e-02 8.722276860364566731e-02 4.556329329565437236e-01 4.267581856155142073e-01 4.845415500672369258e-01
1.961000000000000076e+00 2.521517562626219289e-01 8.915732704273973686e-02 8.806457608542342386e-02 4.598041164278654502e-01 4.303296400351721562e-01 4.884069315746076279e-01
1.971000000000000085e+00 2.545776727272656137e-01 9.010121748169784561e-02 8.890525841651154837e-02 4.639635599137348909e-01 4.338879947029536943e-01 4.922555478527327888e-01
1.981000000000000094e+00 2.569984593948941298e-01 9.104490332081954795e-02 8.974481875315849788e-02 4.681113126246408407e-01 4.374333634925115510e-01 4.960875608295405303e-01
1.991000000000000103e+00 2.594141162981876136e-01 9.198837283241385887e-02 9.058326014094103540e-02 4.722474237829883403e-01 4.409658586371668632e-01 4.999031299227608693e-01
2.000999999999999890e+00 2.618246440185812429e-01 9.293161448192205354e-02 9.142058552004786454e-02 4.763719426157522197e-01 4.444855907630005931e-01 5.037024120935952309e-01
2.011000000000000121e+00 2.642300436511971773e-01 9.387461692343368469e-02 9.225679773233504133e-02 4.804849183249201849e-01 4.479926689208942325e-01 5.074855618986265915e-01
2.020999999999999908e+00 2.666303168243959187e-01 9.481736899819154241e-02 9.309189952424062886e-02 4.845864001187081826e-01 4.514872006188233033e-01 5.112527315406529826e-01
2.031000000000000139e+00 2.690254660295282041e-01 9.575985973370421123e-02 9.392589355312962185e-02 4.886764375477859468e-01 4.549692918522035834e-01 5.150040709179055654e-01
2.040999999999999925e+00 2.714154930588946191e-01 9.670207833943235409e-02 9.475878239005246229e-02 4.927550789448161273e-01 4.584390471336883266e-01 5.187397276723059170e-01
2.051000000000000156e+00 2.738003996269574025e-01 9.764401420504438545e-02 9.559056852535131876e-02 4.968223720639621255e-01 4.618965695230788926e-01 5.224598472360523216e-01
2.060999999999999943e+00 2.761801936024971815e-01 9.858565689828199807e-02 9.642125437265051946e-02 5.008783703117039021e-01 4.653419606554454746e-01 5.261645728772109676e-01
2.071000000000000174e+00 2.785548752910032011e-01 9.952699616308256780e-02 9.725084227219443767e-02 5.049231190378229428e-01 4.687753207687085366e-01 5.298540457442816320e-01
2.080999999999999961e+00 2.809244499491246883e-01 1.004680219174919065e-01 9.809124867941385051e-02 5.089566680595060122e-01 4.721967487313520340e-01 5.335403190926707451e-01
2.091000000000000192e+00 2.832889223150709124e-01 1.014087242495103347e-01 9.891870853833725774e-02 5.129790661970562438e-01 4.756063420682931087e-01 5.371997626989689634e-01
2.100999999999999979e+00 2.856482974956693344e-01 1.023490934174879768e-01 9.974507655626134450e-02 5.169903621664616589e-01 4.790041969868317207e-01 5.408443641712999961e-01
2.111000000000000210e+00 2.880025809701931561e-01 1.032891198447924569e-01 1.005703548244147871e-01 5.209906045905789984e-01 4.823904084018748595e-01 5.444742566068893064e-01
2.120999999999999996e+00 2.903517785681745123e-01 1.042287941221199665e-01 1.013945453773795885e-01 5.249798419858697773e-01 4.857650699604302291e-01 5.480895711885340749e-01
2.130999999999999783e+00 2.926958965361824427e-01 1.051681069998503387e-01 1.022176501980067848e-01 5.289581228325676010e-01 4.891282740654339101e-01 5.516904372225449604e-01
2.141000000000000014e+00 2.950349413828800005e-01 1.061070493893442601e-01 1.030396712180126212e-01 5.329254954247701903e-01 4.924801118992214732e-01 5.552769821760893398e-01
2.150999999999999801e+00 2.973689199450993415e-01 1.070456123614648980e-01 1.038606103227196070e-01 5.368820079484207808e-01 4.958206734464115084e-01 5.588493317127914972e-01
2.161000000000000032e+00 2.996978393971810317e-01 1.079837871409985439e-01 1.046804693528395475e-01 5.408277084903128085e-01 4.991500475156729899e-01 5.624076097285720666e-01
2.170999999999999819e+00 3.020217072158059013e-01 1.089215651071969299e-01 1.054992501070898397e-01 5.447626450134950282e-01 5.024683217618997055e-01 5.659519383855916574e-01
2.181000000000000050e+00 3.043405311415189884e-01 1.098589377907556730e-01 1.063169543443100440e-01 5.486868653232563897e-01 5.057755827074867927e-01 5.694824381456407014e-01
2.190999999999999837e+00 3.066543192215045455e-01 1.107958968713673026e-01 1.071335837862165824e-01 5.526004171132158360e-01 5.090719157624074009e-01 5.729992278034340414e-01
2.201000000000000068e+00 3.089630797529622219e-01 1.117324341774116742e-01 1.079491401188690664e-01 5.565033479180142573e-01 5.123574052452507521e-01 5.765024245179587448e-01
2.211000000000000298e+00 3.112668213307087095e-01 1.126685416817147095e-01 1.087636249966977553e-01 5.603957051622200369e-01 5.156321344021445041e-01 5.799921438436633769e-01
2.221000000000000085e+00 3.135655527633062212e-01 1.136042114997646707e-01 1.095770400411878870e-01 5.642775360897626102e-01 5.188961854266369578e-01 5.834684997611517820e-01
2.231000000000000316e+00 3.158592830994885192e-01 1.145394358892798947e-01 1.103893868465895683e-01 5.681488877873497323e-01 5.221496394780430483e-01 5.869316047065575859e-01
2.241000000000000103e+00 3.181480216634841596e-01 1.154742072235123151e-01 1.112006669781922669e-01 5.720098072271094791e-01 5.253925766768374750e-01 5.903815696005112468e-01
2.250999999999999890e+00 3.204317779619326179e-01 1.164085180827146154e-01 1.120108819768406705e-01 5.758603411829710250e-01 5.286250762167309381e-01 5.938185038763517110e-01
2.261000000000000121e+00 3.227105617172381646e-01 1.173423611125552490e-01 1.128200333585747950e-01 5.797005362651496130e-01 5.318472162402801962e-01 5.972425155081221293e-01
2.270999999999999908e+00 3.249877996407413150e-01 1.182757291155366736e-01 1.136281226181671544e-01 5.835338556970114388e-01 5.350590739505441951e-01 6.006537110367191623e-01
2.281000000000000139e+00 3.272532516235593936e-01 1.192086150253452298e-01 1.144351512286526096e-01 5.873500955171653271e-01 5.382607256049244393e-01 6.040521955969063717e-01
2.290999999999999925e+00 3.295171782773326785e-01 1.201410119042962410e-01 1.152411206437051333e-01 5.911595521186245872e-01 5.414522465312233690e-01 6.074380729427788506e-01
2.301000000000000156e+00 3.317761733413094327e-01 1.210729129438093826e-01 1.160460323000164079e-01 5.949588546634844155e-01 5.446337111432679734e-01 6.108114454727137099e-01
2.310999999999999943e+00 3.340302475254542380e-01 1.220043114607907986e-01 1.168498876157732236e-01 5.987480489314885856e-01 5.478051929568392708e-01 6.141724142539762843e-01
2.321000000000000174e+00 3.362794116985404203e-01 1.229352008945624602e-01 1.176526879957038169e-01 6.025271805110198331e-01 5.509667646054838830e-01 6.175210790469025657e-01
2.330999999999999961e+00 3.385236769001840340e-01 1.238655748077678309e-01 1.184544348287019239e-01 6.062962948172799793e-01 5.541184978545783402e-01 6.208575383278659432e-01
2.341000000000000192e+00 3.407630543209629326e-01 1.247954268831759500e-01 1.192551294911705639e-01 6.100554370734384557e-01 5.572604636170374048e-01 6.241818893126042100e-01
2.350999999999999979e+00 3.429975553000138566e-01 1.257247509221637305e-01 1.200547733473063539e-01 6.138046523197079329e-01 5.603927319667103557e-01 6.274942279782093069e-01
2.361000000000000210e+00 3.452271913338482157e-01 1.266535408427612863e-01 1.208533677507930282e-01 6.175439854187050326e-01 5.635153721529799764e-01 6.307946490850740995e-01
2.370999999999999996e+00 3.474519740464798723e-01 1.275817906770442267e-01 1.216509140443283038e-01 6.212734810339868297e-01 5.666284526145149991e-01 6.340832461986239954e-01
2.381000000000000227e+00 3.496719151990050900e-01 1.285094945718779358e-01 1.224474135621634180e-01 6.249931836435081989e-01 5.697320409921520223e-01 6.373601117095688551e-01
2.391000000000000014e+00 3.518870266618607801e-01 1.294366467844826618e-01 1.232428676300741793e-01 6.287031375155557322e-01 5.728262041429658114e-01 6.406253368547611959e-01
2.401000000000000245e+00 3.540973136627852402e-01 1.303632416830824703e-01 1.240372775662036270e-01 6.324033799611654683e-01 5.759110081520688595e-01 6.438790117371431254e-01
2.411000000000000032e+00 3.563028018651968609e-01 1.312892737437578172e-01 1.248306446823535115e-01 6.360939684189703680e-01 5.789865183459896869e-01 6.471212253450870922e-01
2.421000000000000263e+00 3.585034967722775523e-01 1.322147375493422372e-01 1.256229702847470320e-01 6.397749398528469467e-01 5.820527993046551440e-01 6.503520655716011900e-01
2.431000000000000050e+00 3.606994107279060668e-01 1.331396277861293109e-01 1.264142556732849032e-01 6.434463377726677979e-01 5.851099148736734756e-01 6.535716192331678664e-01
2.441000000000000281e+00 3.628905561947916025e-01 1.340639392471926483e-01 1.272045021448217350e-01 6.471082055041145198e-01 5.881579281759936606e-01 6.567799720876107417e-01
2.451000000000000068e+00 3.650769457033932741e-01 1.349876668242252498e-01 1.279937109915184057e-01 6.507605861463177099e-01 5.911969016233705743e-01 6.599772088524146207e-01
2.461000000000000298e+00 3.672585918706813835e-01 1.359108055116965974e-01 1.287818835026554587e-01 6.544035225904712982e-01 5.942268969279439483e-01 6.631634132221813083e-01
2.471000000000000085e+00 3.694355074406388550e-01 1.368333504017001101e-01 1.295690209649404123e-01 6.580370575723050175e-01 5.972479751134189829e-01 6.663386678852666334e-01
2.481000000000000316e+00 3.716077052155056792e-01 1.377552966832749637e-01 1.303551246627358273e-01 6.616612335964294767e-01 6.002601965252758465e-01 6.695030545412059553e-01
2.491000000000000103e+00 3.737751980848740274e-01 1.386766396427513981e-01 1.311401958790875955e-01 6.652760929789056643e-01 6.032636208422106350e-01 6.726566539167069259e-01
2.501000000000000334e+00 3.759380004099528993e-01 1.395973746597838627e-01 1.319242358955154126e-01 6.688816792244619558e-01 6.062583070863533097e-01 6.757995457818020135e-01
2.511000000000000121e+00 3.780961224258342912e-01 1.405174972077884443e-01 1.327072459940295546e-01 6.724780314421606731e-01 6.092443136330613074e-01 6.789318089655528299e-01
2.520999999999999908e+00 3.802495786348331075e-01 1.414370028498447562e-01 1.334892274550664448e-01 6.760651927357748114e-01 6.122216982214694347e-01 6.820535213716779621e-01
2.531000000000000139e+00 3.823983822279369282e-01 1.423558872422220900e-01 1.342701815604096238e-01 6.796432046329629051e-01 6.151905179639369781e-01 6.851647599931152133e-01
2.540999999999999925e+00 3.845425463804578170e-01 1.432741461276559047e-01 1.350501095916708805e-01 6.832121083785261950e-01 6.181508293558185541e-01 6.882656009272871689e-01
2.551000000000000156e+00 3.866820844012746616e-01 1.441917753369587052e-01 1.358290128326931079e-01 6.867719450926086378e-01 6.211026882849925990e-01 6.913561193902665325e-01
2.560999999999999943e+00 3.888170100620200742e-01 1.451087707864156251e-01 1.366068925669127743e-01 6.903227561007421187e-01 6.240461500409711926e-01 6.944363897309884237e-01
2.571000000000000174e+00 3.909473358817308619e-01 1.460251284785741288e-01 1.373837500810518308e-01 6.938645812200818774e-01 6.269812693238142609e-01 6.975064854452618368e-01
2.580999999999999961e+00 3.930730757260594843e-01 1.469408444978471395e-01 1.381595866628127500e-01 6.973974613645647080e-01 6.299081002533712947e-01 7.005664791890885423e-01
2.591000000000000192e+00 3.951942430738132894e-01 1.478559150121988575e-01 1.389344036027974350e-01 7.009214368118797944e-01 6.328266963777157139e-01 7.036164427921259845e-01
2.600999999999999979e+00 3.973108514430903071e-01 1.487703362688869713e-01 1.397082021936573715e-01 7.044365476360309186e-01 6.357371106815209449e-01 7.066564472707551614e-01
2.611000000000000210e+00 3.994229144057771519e-01 1.496841045953962723e-01 1.404809837310676823e-01 7.079428337206944422e-01 6.386393955950547818e-01 7.096865628407912352e-01
2.620999999999999996e+00 4.015304455244861348e-01 1.505972163987346901e-01 1.412527495136963185e-01 7.114403347017860257e-01 6.415336030017223523e-01 7.127068589299914159e-01
2.631000000000000227e+00 4.036334584382094692e-01 1.515096681614146734e-01 1.420235008436434021e-01 7.149290900564990725e-01 6.444197842463953441e-01 7.157174041904080797e-01
2.641000000000000014e+00 4.057319668019860881e-01 1.524214564426271956e-01 1.427932390259743778e-01 7.184091390405650257e-01 6.472979901434933181e-01 7.187182665103505341e-01
2.651000000000000245e+00 4.078259842979783389e-01 1.533325778776498116e-01 1.435619653701428466e-01 7.218805207090142062e-01 6.501682709842343533e-01 7.217095130259709723e-01
2.661000000000000032e+00 4.099155260688431834e-01 1.542430291726331337e-01 1.443296811884770825e-01 7.253432753509255759e-01 6.530306765447978501e-01 7.246912101332748657e-01
2.671000000000000263e+00 4.120006029861654762e-01 1.551528071091821670e-01 1.450963877977979322e-01 7.287974387547039301e-01 6.558852560934275155e-01 7.276634234992066519e-01
2.681000000000000050e+00 4.140812302208359830e-01 1.560619085372132731e-01 1.458620865187854332e-01 7.322430507909671871e-01 6.587320583978916178e-01 7.306262180724468758e-01
2.691000000000000281e+00 4.161574215379083563e-01 1.569703303802184313e-01 1.466267786770655557e-01 7.356801496980527322e-01 6.615711317325935203e-01 7.335796580949174306e-01
2.701000000000000068e+00 4.182291879881424035e-01 1.578780696285644047e-01 1.473904656020349480e-01 7.391087707863838174e-01 6.644025238855373328e-01 7.365238071119905028e-01
2.711000000000000298e+00 4.202965026500613543e-01 1.587851233414948049e-01 1.481531486269538622e-01 7.425289111794090013e-01 6.672262821656090859e-01 7.394587279831189575e-01
2.721000000000000085e+00 4.223594686555205424e-01 1.596914886445801873e-01 1.489148290910205508e-01 7.459406978411331490e-01 6.700424534088764705e-01 7.423844828921642991e-01
2.731000000000000316e+00 4.244181006973810621e-01 1.605971627304398353e-01 1.496755083372150463e-01 7.493441690846186498e-01 6.728510839855669223e-01 7.453011333573309471e-01
2.741000000000000103e+00 4.264723193917917543e-01 1.615021428556940586e-01 1.504351877136465288e-01 7.527392689412016891e-01 6.756522198065660900e-01 7.482087402411903287e-01
2.751000000000000334e+00 4.285221850245288788e-01 1.624064263348507786e-01 1.511938685731576137e-01 7.561260809064365151e-01 6.784459063230403597e-01 7.511073637601788366e-01
2.761000000000000121e+00 4.305677114599923416e-01 1.633100105653731704e-01 1.519515522732718393e-01 7.595046418517189535e-01 6.812321885598622284e-01 7.539970634945266648e-01
2.770999999999999908e+00 4.326089124739914693e-01 1.642128929867400777e-01 1.527082401767732300e-01 7.628749883565134615e-01 6.840111110810712658e-01 7.568778983970199103e-01
2.781000000000000139e+00 4.346458019306655429e-01 1.651150711043234687e-01 1.534639336511491869e-01 7.662371568966358515e-01 6.867827180228014416e-01 7.597499268024888730e-01
2.790999999999999925e+00 4.366783936670022848e-01 1.660165424863942474e-01 1.542186340692446589e-01 7.695911837192391802e-01 6.895470530931265829e-01 7.626132064369144370e-01
2.801000000000000156e+00 4.387067015096410283e-01 1.669173047577253988e-01 1.549723428086558774e-01 7.729371048707346370e-01 6.923041595774735990e-01 7.654677944259187239e-01
2.810999999999999943e+00 4.407307400355905402e-01 1.678173556031459790e-01 1.557250612526176470e-01 7.762749569546784079e-01 6.950540803444531512e-01 7.683137473036822929e-01
2.821000000000000174e+00 4.427505215808334449e-01 1.687166927627438973e-01 1.564767907888330312e-01 7.796047741463064673e-01 6.977968578518400911e-01 7.711511210212814715e-01
2.830999999999999961e+00 4.447660606947551609e-01 1.696153140348366228e-01 1.572275328106197689e-01 7.829265926457962266e-01 7.005325341513085613e-01 7.739799709551015150e-01
2.841000000000000192e+00 4.467773711798161407e-01 1.705132172720482675e-01 1.579772887161818018e-01 7.862404477235189759e-01 7.032611508948943824e-01 7.768003519150239455e-01
2.850999999999999979e+00 4.487844668308987317e-01 1.714104003824428457e-01 1.587260599091195878e-01 7.895463744561904695e-01 7.059827493397318188e-01 7.796123181525634882e-01
2.861000000000000210e+00 4.507873614302534415e-01 1.723068613260264337e-01 1.594738477977102054e-01 7.928444077306885385e-01 7.086973703535752733e-01 7.824159233683262160e-01
2.870999999999999996e+00 4.527860687416021546e-01 1.732025981181896657e-01 1.602206537960124411e-01 7.961345822329987110e-01 7.114050544195843484e-01 7.852112207204939853e-01
2.881000000000000227e+00 4.547806025247252970e-01 1.740976088239422903e-01 1.609664793226677770e-01 7.994169324729347714e-01 7.141058416421202093e-01 7.879982628316495319e-01
2.891000000000000014e+00 4.567709765359606600e-01 1.749918915607329706e-01 1.617113258015110411e-01 8.026914927773565189e-01 7.167997717511578326e-01 7.907771017969985605e-01
2.901000000000000245e+00 4.587572044607423072e-01 1.758854444958598273e-01 1.624551946618869314e-01 8.059582972319603300e-01 7.194868841075147126e-01 7.935477891910092119e-01
2.911000000000000032e+00 4.607393000220371126e-01 1.767782658479769564e-01 1.631980873381400077e-01 8.092173797891457632e-01 7.221672177073442667e-01 7.963103760749813409e-01
2.921000000000000263e+00 4.627172769244269901e-01 1.776703538809211724e-01 1.639400052687539910e-01 8.124687742139270474e-01 7.248408111874572457e-01 7.990649130043462334e-01
2.931000000000000050e+00 4.646911487964792142e-01 1.785617069100182142e-01 1.646809498983111686e-01 8.157125140287554421e-01 7.275077028291556669e-01 8.018114500350795870e-01
2.941000000000000281e+00 4.666609293021648508e-01 1.794523232959913395e-01 1.654209226759476015e-01 8.189486326227045643e-01 7.301679305637412964e-01 8.045500367310809420e-01
2.951000000000000068e+00 4.686266320671289565e-01 1.803422014466606882e-01 1.661599250554356422e-01 8.221771631861756191e-01 7.328215319765011282e-01 8.072807221703266478e-01
2.961000000000000298e+00 4.705882706878013466e-01 1.812313398156011057e-01 1.668979584961173546e-01 8.253981387197352193e-01 7.354685443112985999e-01 8.100035549519706279e-01
2.971000000000000085e+00 4.725458587441095926e-01 1.821197369015606915e-01 1.676350244613030172e-01 8.286115920455603412e-01 7.381090044745826084e-01 8.127185832026946333e-01
2.981000000000000316e+00 4.744994097865872784e-01 1.830073912470113473e-01 1.683711244196686996e-01 8.318175557970385325e-01 7.407429490404826566e-01 8.154258545827604010e-01
2.991000000000000103e+00 4.764489373419842355e-01 1.838943014374935236e-01 1.691062598450006893e-01 8.350160624296348866e-01 7.433704142542115756e-01 8.181254162927085183e-01
3.001000000000000334e+00 4.783944549130417223e-01 1.847804661042885543e-01 1.698404322147667178e-01 8.382071442198011368e-01 7.459914360364668928e-01 8.208173150792071882e-01
3.011000000000000121e+00 4.803359759703581533e-01 1.856658839179584353e-01 1.705736430116054914e-01 8.413908332575156246e-01 7.486060499878658403e-01 8.235015972413319840e-01
3.020999999999999908e+00 4.822735139601658227e-01 1.865505535916627822e-01 1.713058937230288736e-01 8.445671614584508990e-01 7.512142913926045384e-01 8.261783086362866069e-01
3.031000000000000139e+00 4.842070823015712233e-01 1.874344738791233200e-01 1.720371858404507459e-01 8.477361605607670603e-01 7.538161952223573214e-01 8.288474946852886216e-01
3.040999999999999925e+00 4.861366943785642158e-01 1.883176435756155620e-01 1.727675208603442758e-01 8.508978621185311342e-01 7.564117961405255608e-01 8.315092003795109266e-01
3.051000000000000156e+00 4.880623635503809621e-01 1.892000615139897146e-01 1.734969002828685436e-01 8.540522975155060426e-01 7.590011285055652257e-01 8.341634702854686667e-01
3.060999999999999943e+00 4.899841031344586706e-01 1.900817265676499057e-01 1.742253256133155515e-01 8.571994979469035325e-01 7.615842263752710117e-01 8.368103485508265882e-01
3.071000000000000174e+00 4.919019264455840035e-01 1.909626376476057652e-01 1.749527983607638837e-01 8.603394944648827813e-01 7.641611235101551936e-01 8.394498789094430036e-01
3.080999999999999961e+00 4.938158467276754227e-01 1.918427937030530439e-01 1.756793200384851039e-01 8.634723179056943421e-01 7.667318533769124089e-01 8.420821046872731808e-01
3.091000000000000192e+00 4.957258772315808470e-01 1.927221937193327461e-01 1.764048921639010947e-01 8.665979989738693545e-01 7.692964491528541116e-01 8.447070688073021749e-01
3.100999999999999979e+00 4.976320311453371059e-01 1.936008367194878566e-01 1.771295162584491933e-01 8.697165681725353981e-01 7.718549437281561065e-01 8.473248137946898240e-01
3.111000000000000210e+00 4.995343216234369721e-01 1.944787217621616604e-01 1.778531938479372687e-01 8.728280558303940229e-01 7.744073697106251819e-01 8.499353817821760915e-01
3.120999999999999996e+00 5.014327618159722944e-01 1.953558479405133330e-01 1.785759264614823760e-01 8.759324921394385788e-01 7.769537594280370163e-01 8.525388145148694585e-01
3.131000000000000227e+00 5.033273648081203477e-01 1.962322143837836042e-01 1.792977156325300248e-01 8.790299070913673019e-01 7.794941449321470817e-01 8.551351533551838635e-01
3.141000000000000014e+00 5.052181436500707834e-01 1.971078202540471613e-01 1.800185628985314923e-01 8.821203305083099577e-01 7.820285580020792660e-01 8.577244392877899637e-01
3.151000000000000245e+00 5.071051113864983861e-01 1.979826647486145896e-01 1.807384697998223877e-01 8.852037920746870236e-01 7.845570301468158814e-01 8.603067129243666677e-01
3.161000000000000032e+00 5.089882809919386020e-01 1.988567470968693462e-01 1.814574378807653765e-01 8.882803212783761948e-01 7.870795926093898665e-01 8.628820145082056747e-01
3.171000000000000263e+00 5.108676654253726523e-01 1.997300665609787196e-01 1.821754686891695618e-01 8.913499474569674952e-01 7.895962763693605835e-01 8.654503839190484937e-01
3.181000000000000050e+00 5.127432775985943936e-01 2.006026224349569398e-01 1.828925637770029700e-01 8.944126997759039854e-01 7.921071121461733533e-01 8.680118606774757106e-01
3.191000000000000281e+00 5.146151306974382500e-01 2.014744140449624132e-01 1.836087246985370069e-01 8.974686075483496728e-01 7.946121304023056053e-01 8.705664839492859297e-01
3.201000000000000068e+00 5.164832356151778381e-01 2.023454407483544493e-01 1.843239530120502623e-01 9.005176976702605751e-01 7.971113613460498737e-01 8.731142925501770291e-01
3.211000000000000298e+00 5.183476093338200696e-01 2.032157019313439172e-01 1.850382502788225081e-01 9.035600030004186101e-01 7.996048349345893369e-01 8.756553249498896241e-01
3.221000000000000085e+00 5.202082608552401899e-01 2.040851970122899706e-01 1.857516180635339909e-01 9.065955482959732192e-01 8.020925808770709153e-01 8.781896192765948905e-01
3.231000000000000316e+00 5.220652041219169259e-01 2.049539254379884046e-01 1.864640579337835113e-01 9.096243631335975133e-01 8.045746286371832090e-01 8.807172133207754605e-01
3.241000000000000103e+00 5.239184518199803131e-01 2.058218866841982353e-01 1.871755714600191745e-01 9.126464757135410721e-01 8.070510074364118935e-01 8.832381445400067088e-01
3.251000000000000334e+00 5.257680165969055297e-01 2.066890802556275997e-01 1.878861602162004707e-01 9.156619140784194588e-01 8.095217462563424338e-01 8.857524500621655195e-01
3.261000000000000121e+00 5.276139110547866107e-01 2.075555056856120129e-01 1.885958257784274561e-01 9.186707061068389857e-01 8.119868738418565268e-01 8.882601666902596449e-01
3.271000000000000352e+00 5.294561477622354850e-01 2.084211625342790863e-01 1.893045697257641491e-01 9.216728795290414222e-01 8.144464187037053771e-01 8.907613309058188822e-01
3.281000000000000139e+00 5.312947392443322370e-01 2.092860503892441104e-01 1.900123936405289371e-01 9.246684619151253059e-01 8.169004091206861773e-01 8.932559788729742545e-01
3.290999999999999925e+00 5.331296979891969601e-01 2.101501688647289257e-01 1.907192991068713817e-01 9.276574806838496778e-01 8.193488731431216587e-01 8.957441464423480104e-01
3.301000000000000156e+00 5.349610364370052107e-01 2.110135176018775871e-01 1.914252877125634800e-01 9.306399630948689605e-01 8.217918385951078486e-01 8.982258691544839913e-01
3.310999999999999943e+00 5.367887812120664126e-01 2.118760962680289739e-01 1.921303610462788969e-01 9.336159504783259067e-01 8.242293330767569426e-01 9.007011822442040350e-01
3.321000000000000174e+00 5.386129163170807477e-01 2.127379045539329050e-01 1.928345207002948869e-01 9.365854414321427290e-01 8.266613839670039487e-01 9.031701206434299412e-01
3.330999999999999961e+00 5.404334682146535451e-01 2.135989421781047115e-01 1.935377682693264767e-01 9.395484769050238549e-01 8.290880184262187091e-01 9.056327189855023496e-01
3.341000000000000192e+00 5.422504491841284580e-01 2.144592088813564723e-01 1.942401053495375618e-01 9.425050835540562666e-01 8.315092633984176862e-01 9.080890116082360741e-01
3.350999999999999979e+00 5.440638714630138262e-01 2.153187044311357934e-01 1.949415335396856575e-01 9.454552878876651967e-01 8.339251456134900709e-01 9.105390325576034893e-01
3.361000000000000210e+00 5.458737471815469089e-01 2.161774286160667857e-01 1.956420544405257644e-01 9.483991161979888895e-01 8.363356915901936084e-01 9.129828155911156040e-01
3.370999999999999996e+00 5.476800886254420409e-01 2.170353812508926117e-01 1.963416696551277263e-01 9.513365948299818964e-01 8.387409276378906542e-01 9.154203941812671941e-01
3.381000000000000227e+00 5.494829078408201006e-01 2.178925621712095861e-01 1.970403807879680669e-01 9.542677497831298927e-01 8.411408798592536762e-01 9.178518015189047752e-01
3.391000000000000014e+00 5.512822168892307362e-01 2.187489712363763494e-01 1.977381894457796718e-01 9.571926069693400541e-01 8.435355741521117778e-01 9.202770705162093279e-01
3.401000000000000245e+00 5.530780278122617855e-01 2.196046083281317229e-01 1.984350972369424981e-01 9.601111921781092517e-01 8.459250362123179601e-01 9.226962338102361327e-01
3.411000000000000032e+00 5.548703525867295649e-01 2.204594733493241143e-01 1.991311057716206590e-01 9.630235310357722067e-01 8.483092915353170893e-01 9.251093237660515944e-01
3.421000000000000263e+00 5.566592031547235031e-01 2.213135662263855663e-01 1.998262166618177404e-01 9.659296490271253033e-01 8.506883654185128929e-01 9.275163724797097498e-01
3.431000000000000050e+00 5.584445914278038936e-01 2.221668869037543848e-01 2.005204315206341459e-01 9.688295715146547638e-01 8.530622829639282756e-01 9.299174117814940077e-01
3.441000000000000281e+00 5.602265292348254100e-01 2.230194353497178539e-01 2.012137519630170235e-01 9.717233236746088965e-01 8.554310690794767469e-01 9.323124732387865210e-01
3.451000000000000068e+00 5.620050284025078779e-01 2.238712115516989232e-01 2.019061796054762714e-01 9.746109305841801351e-01 8.577947484816242918e-01 9.347015881594360476e-01
3.461000000000000298e+00 5.637801006494196354e-01 2.247222237751037299e-01 2.025977160658105625e-01 9.774924171200161105e-01 8.601533539550479945e-01 9.370847875941960003e-01
3.471000000000000085e+00 5.655517577673064844e-01 2.255724555334722436e-01 2.032883629626365818e-01 9.803678081315538861e-01 8.625068933251690551e-01 9.394621023399741810e-01
3.481000000000000316e+00 5.673200114623307977e-01 2.264219151301402611e-01 2.039781219162921655e-01 9.832371282893109798e-01 8.648553990020466653e-01 9.418335629427156963e-01
3.491000000000000103e+00 5.690848734234646988e-01 2.272706026316863304e-01 2.046669945480943664e-01 9.861004021551463827e-01 8.671988949561368898e-01 9.441991997000014347e-01
3.501000000000000334e+00 5.708463550765182637e-01 2.281185181230157288e-01 2.053549824807905100e-01 9.889576539327787907e-01 8.695374049760975499e-01 9.465590426640676514e-01
3.511000000000000121e+00 5.726044716044507155e-01 2.289656617080324807e-01 2.060420873375101436e-01 9.918089114917331139e-01 8.718709526710882729e-01 9.489131216443716932e-01
3.521000000000000352e+00 5.743592273825594008e-01 2.298120335085486188e-01 2.067283107433212364e-01 9.946541918025433304e-01 8.741995614724412667e-01 9.512614662105056684e-01
3.531000000000000139e+00 5.761106375167750482e-01 2.306576336642112979e-01 2.074136543224120444e-01 9.974935224768461950e-01 8.765232546355907761e-01 9.536041056946172878e-01
3.540999999999999925e+00 5.778587133819520494e-01 2.315024623330520781e-01 2.080981197020121964e-01 1.000326927305403846e+00 8.788420552416529308e-01 9.559410691941009341e-01
3.551000000000000156e+00 5.796034663586320246e-01 2.323465196894148321e-01 2.087817085083027713e-01 1.003154429996778729e+00 8.811559862000306609e-01 9.582723855744712527e-01
3.560999999999999943e+00 5.813449101988271694e-01 2.331898059253308397e-01 2.094644223690836360e-01 1.005976056542691843e+00 8.834650702491851915e-01 9.605980834714363814e-01
3.571000000000000174e+00 5.830830513676895643e-01 2.340323212491085825e-01 2.101462629126941706e-01 1.008791825561433875e+00 8.857693299590827518e-01 9.629181912939708265e-01
3.580999999999999961e+00 5.848179035325559161e-01 2.348740658859398700e-01 2.108272317676179175e-01 1.011601762787262881e+00 8.880687877325669222e-01 9.652327372262379246e-01
3.591000000000000192e+00 5.865494778886400917e-01 2.357150400769972842e-01 2.115073305635646328e-01 1.014405891398663551e+00 8.903634658076268193e-01 9.675417492304146938e-01
3.600999999999999979e+00 5.882777856053822418e-01 2.365552440793429745e-01 2.121865609299344035e-01 1.017204234460197698e+00 8.926533862582879397e-01 9.698452550489156110e-01
3.611000000000000210e+00 5.900028378009865015e-01 2.373946781656318672e-01 2.128649244968417176e-01 1.019996814905837823e+00 8.949385709971225955e-01 9.721432822070584789e-01
3.620999999999999996e+00 5.917246455518192505e-01 2.382333426237185081e-01 2.135424228944299563e-01 1.022783655543323400e+00 8.972190417761706227e-01 9.744358580149863336e-01
3.631000000000000227e+00 5.934432198914756373e-01 2.390712377570818614e-01 2.142190577537512741e-01 1.025564779054714215e+00 8.994948201890196060e-01 9.767230095703498538e-01
3.641000000000000014e+00 5.951585718142690107e-01 2.399083638837979371e-01 2.148948307054938944e-01 1.028340208001969680e+00 9.017659276724808715e-01 9.790047637603493946e-01
3.651000000000000245e+00 5.968707122553488231e-01 2.407447213357734872e-01 2.155697433807280405e-01 1.031109964808093471e+00 9.040323855076580761e-01 9.812811472641916888e-01
3.661000000000000032e+00 5.985796521237609635e-01 2.415803104599671125e-01 2.162437974097726201e-01 1.033874071789433469e+00 9.062942148220657357e-01 9.835521865551218879e-01
3.671000000000000263e+00 6.002854022789831934e-01 2.424151316177352578e-01 2.169169944247794357e-01 1.036632551133972235e+00 9.085514365909913570e-01 9.858179079025871649e-01
3.681000000000000050e+00 6.019879735376921781e-01 2.432491851838970709e-01 2.175893360561002021e-01 1.039385424908718214e+00 9.108040716388683400e-01 9.880783373748515119e-01
3.691000000000000281e+00 6.036873766738789504e-01 2.440824715463161820e-01 2.182608239350645185e-01 1.042132715058919690e+00 9.130521406410972984e-01 9.903335008404166029e-01
3.701000000000000068e+00 6.053836224179018899e-01 2.449149911070387931e-01 2.189314596924826217e-01 1.044874443412352694e+00 9.152956641250320491e-01 9.925834239706561313e-01
3.711000000000000298e+00 6.070767214629279040e-01 2.457467442808571045e-01 2.196012449584594239e-01 1.047610631681925808e+00 9.175346624721115729e-01 9.948281322417714678e-01
3.721000000000000085e+00 6.087666844435317692e-01 2.465777314954227528e-01 2.202701813637232831e-01 1.050341301442754949e+00 9.197691559187591848e-01 9.970676509366254159e-01
3.731000000000000316e+00 6.104535219663096424e-01 2.474079531913888630e-01 2.209382705382370582e-01 1.053066474174248590e+00 9.219991645580235540e-01 9.993020051471454002e-01
3.741000000000000103e+00 6.121372445842575560e-01 2.482374098211703461e-01 2.216055141111991367e-01 1.055786171222255820e+00 9.242247083409769193e-01 1.001531219775876558e+00
3.751000000000000334e+00 6.138178628269838066e-01 2.490661018496740653e-01 2.222719137128780498e-01 1.058500413840020471e+00 9.264458070783920807e-01 1.003755319538275126e+00
3.761000000000000121e+00 6.154953871626698270e-01 2.498940297547088407e-01 2.229374709712952096e-01 1.061209223141202695e+00 9.286624804412909606e-01 1.005974328964454489e+00
3.771000000000000352e+00 6.171698280278260507e-01 2.507211940244946646e-01 2.236021875148816729e-01 1.063912620141126864e+00 9.308747479633503463e-01 1.008188272401458141e+00
3.781000000000000139e+00 6.188411958007288272e-01 2.515475951595458337e-01 2.242660649712196197e-01 1.066610625722604455e+00 9.330826290415585866e-01 1.010397174014407984e+00
3.790999999999999925e+00 6.205095008335466122e-01 2.523732336715502900e-01 2.249291049678321663e-01 1.069303260672558320e+00 9.352861429377382629e-01 1.012601057789262349e+00
3.801000000000000156e+00 6.221747534312364047e-01 2.531981100835559162e-01 2.255913091303242690e-01 1.071990545657514060e+00 9.374853087797996309e-01 1.014799947534000157e+00
3.810999999999999943e+00 6.238369638554461805e-01 2.540222249294508683e-01 2.262526790853603698e-01 1.074672501237534661e+00 9.396801455632632916e-01 1.016993866880553155e+00
3.821000000000000174e+00 6.254961423278492250e-01 2.548455787541648032e-01 2.269132164572807142e-01 1.077349147855462652e+00 9.418706721522899228e-01 1.019182839287013698e+00
3.830999999999999961e+00 6.271522990308956436e-01 2.556681721476781188e-01 2.275729228703879392e-01 1.080020505854394797e+00 9.440569073156243052e-01 1.021366888038879983e+00
3.841000000000000192e+00 6.288054440917556498e-01 2.564900056065910761e-01 2.282317999479025750e-01 1.082686595448262734e+00 9.462388695893457768e-01 1.023546036250966518e+00
3.850999999999999979e+00 6.304555878006281588e-01 2.573110797412786477e-01 2.288898493124723599e-01 1.085347436950623301e+00 9.484165774855050079e-01 1.025720306869315701e+00
3.861000000000000210e+00 6.321027398668098707e-01 2.581313951369460513e-01 2.295470725850157767e-01 1.088003050025861951e+00 9.505900493557208897e-01 1.027889722672613582e+00
3.870999999999999996e+00 6.337469104133071074e-01 2.589509523895663357e-01 2.302034713866848437e-01 1.090653454686505208e+00 9.527593034260857241e-01 1.030054306274097886e+00
3.881000000000000227e+00 6.353881094527744633e-01 2.597697521050078562e-01 2.308590473365781104e-01 1.093298670769592418e+00 9.549243577989320331e-01 1.032214080123047273e+00
3.891000000000000014e+00 6.370263469164284542e-01 2.605877948979266612e-01 2.315138020526618934e-01 1.095938717966185250e+00 9.570852304536577870e-01 1.034369066506595880e+00
3.901000000000000245e+00 6.386616325669578487e-01 2.614050813918040728e-01 2.321677371531111478e-01 1.098573615732188591e+00 9.592419392481074114e-01 1.036519287551020740e+00
3.911000000000000032e+00 6.402939764915439591e-01 2.622216122210259681e-01 2.328208542529904279e-01 1.101203383787833223e+00 9.613945019198403275e-01 1.038664765223845432e+00
3.921000000000000263e+00 6.419233883925883344e-01 2.630373880267724562e-01 2.334731549681565710e-01 1.103828041403893678e+00 9.635429360867060478e-01 1.040805521334815076e+00
3.931000000000000050e+00 6.435498780081475578e-01 2.638524094611096049e-01 2.341246409116473359e-01 1.106447607823800805e+00 9.656872592483953799e-01 1.042941577538011977e+00
3.941000000000000281e+00 6.451734550747751928e-01 2.646666771827765885e-01 2.347753136958023734e-01 1.109062102228278945e+00 9.678274887875579768e-01 1.045072955332922993e+00
3.951000000000000068e+00 6.467941292497217942e-01 2.654801918600621091e-01 2.354251749320629972e-01 1.111671543654106031e+00 9.699636419707073909e-01 1.047199676066319141e+00
3.961000000000000298e+00 6.484119102286114433e-01 2.662929541694591395e-01 2.360742262298252958e-01 1.114275951121382890e+00 9.720957359494531991e-01 1.049321760933520142e+00
3.971000000000000085e+00 6.500268075878363749e-01 2.671049647955819339e-01 2.367224691975594042e-01 1.116875343466798176e+00 9.742237877611755748e-01 1.051439230979897221e+00
3.981000000000000316e+00 6.516388308904945692e-01 2.679162244312391916e-01 2.373699054423159538e-01 1.119469739452680246e+00 9.763478143309417545e-01 1.053552107102453617e+00
3.991000000000000103e+00 6.532479896594728386e-01 2.687267337760870234e-01 2.380165365693081014e-01 1.122059157743322100e+00 9.784678324712506869e-01 1.055660410051194376e+00
