2.010000000000000120e-01 1.652418789567257740e+00 1.779526818327288096e+00 1.801847604498759026e+00 1.884523500112587735e+00 2.125143835662348657e+00 2.198660444543910852e+00 2.020814177546264023e+00 2.248218973206501214e+00 2.283070987366959237e+00
2.110000000000000209e-01 1.587045377211863562e+00 1.711343813616629683e+00 1.733275895271545020e+00 1.812233609087116726e+00 2.048495617647044131e+00 2.120831416480501108e+00 1.945245652906060663e+00 2.169324791567665667e+00 2.203766580790690544e+00
2.210000000000000020e-01 1.525457295911665900e+00 1.647006840118255599e+00 1.668554118531919706e+00 1.743976073064594345e+00 1.975906399266177171e+00 2.047060563683910761e+00 1.873771217927579835e+00 2.094499230274432300e+00 2.128523372035259431e+00
2.310000000000000109e-01 1.467305750035249989e+00 1.586165625197281326e+00 1.607332011094050994e+00 1.679389156975008568e+00 1.907018365439849150e+00 1.976991460434161629e+00 1.806029756951431420e+00 2.023386860858172209e+00 2.056986659865930989e+00
2.410000000000000198e-01 1.412286274052841240e+00 1.528514186320338863e+00 1.549303590470806347e+00 1.618156335637857435e+00 1.841518284754449342e+00 1.910312103654381533e+00 1.741704973071140916e+00 1.955676508416065218e+00 1.988845947819137150e+00
2.510000000000000009e-01 1.360131562155513230e+00 1.473783671994228328e+00 1.494199996668436947e+00 1.559999042897487698e+00 1.779130334689524418e+00 1.846747754508320183e+00 1.680518204468934407e+00 1.891094113969296275e+00 1.923827808827758057e+00
2.610000000000000098e-01 1.310605695570815188e+00 1.421736599387980249e+00 1.441783730642837602e+00 1.504670828919443926e+00 1.719610325922456440e+00 1.786055177353234713e+00 1.622222638392216032e+00 1.829396991688122531e+00 1.861690144754753806e+00
2.710000000000000187e-01 1.263499452033008064e+00 1.372162173098412596e+00 1.391843973864019368e+00 1.451952608288507029e+00 1.662741009584585150e+00 1.728017960138666709e+00 1.566598607168654400e+00 1.770369165412379209e+00 1.802217525230884076e+00
2.810000000000000275e-01 1.218626462039035241e+00 1.324872449710222000e+00 1.344192753641975990e+00 1.401648762094803047e+00 1.608328231669681196e+00 1.672442680641875290e+00 1.513449730867350462e+00 1.713817549126023021e+00 1.745217370439525961e+00
2.910000000000000364e-01 1.175820034231068512e+00 1.279699170525596452e+00 1.298661776574595805e+00 1.353583915192992704e+00 1.556197756626330309e+00 1.619155740712293401e+00 1.462599728950857658e+00 1.659568793800116460e+00 1.690516800232762851e+00
3.010000000000000453e-01 1.134930514331911056e+00 1.236491126934714080e+00 1.255099794597081875e+00 1.307600252130180829e+00 1.506192624345776387e+00 1.568000732874569536e+00 1.413889765368389506e+00 1.607466665140219186e+00 1.637960014108749807e+00
3.109999999999999987e-01 1.095823073122213831e+00 1.195111953969060448e+00 1.213370399164993563e+00 1.263555266477633499e+00 1.458170935892667330e+00 1.518836234738104363e+00 1.367176222617095593e+00 1.557369847863803392e+00 1.587406097654029624e+00
3.210000000000000075e-01 1.058375842132138311e+00 1.155438270768381459e+00 1.173350162306941780e+00 1.221319861624525327e+00 1.412003986565954383e+00 1.471533949900223348e+00 1.322328823490624972e+00 1.509150095335925812e+00 1.538727174273924136e+00
3.310000000000000164e-01 1.022478333203285406e+00 1.117358104178360678e+00 1.134927060758397444e+00 1.180776738685468841e+00 1.367574682402956432e+00 1.425977131532463860e+00 1.279229036721978963e+00 1.462690660886706073e+00 1.491806838520384648e+00
3.410000000000000253e-01 9.880300913887180014e-01 1.080769545009283128e+00 1.097999132715782977e+00 1.141819020573651144e+00 1.324776189583084074e+00 1.382059238187321348e+00 1.237768716041072192e+00 1.417884960452521437e+00 1.446538820661144253e+00
3.509999999999999787e-01 9.549395408866760970e-01 1.045579596713469339e+00 1.062473326961968167e+00 1.104349071589416420e+00 1.283510776438392398e+00 1.339682781589397464e+00 1.197848932394188326e+00 1.374635426412220696e+00 1.402825842349377794e+00
3.609999999999999876e-01 9.231229916283193448e-01 1.011703184162449976e+00 1.028264512050640178e+00 1.068277479855304302e+00 1.243688815718711815e+00 1.298758334121562941e+00 1.159378966994476956e+00 1.332852520412200148e+00 1.360578631190048959e+00
3.709999999999999964e-01 8.925037803290373217e-01 9.790622963918366173e-01 9.952946194199928653e-01 1.033522176163387041e+00 1.205227920958993337e+00 1.259203669906598044e+00 1.122275439057911051e+00 1.292453879158396601e+00 1.319715068180543183e+00
3.810000000000000053e-01 8.630115246828543585e-01 9.475852420487719252e-01 9.634918991684660039e-01 1.000007667707473846e+00 1.168052195672788063e+00 1.220943018251186452e+00 1.086461546944354373e+00 1.253363572015956384e+00 1.280159446862239481e+00
3.910000000000000142e-01 8.345814732385608004e-01 9.172060001325289536e-01 9.327902710929003582e-01 9.676643690620481131e-01 1.132091577958105999e+00 1.183906412088921778e+00 1.051866405277368743e+00 1.215511453107613216e+00 1.241841826882788880e+00
4.010000000000000231e-01 8.071539365747004702e-01 8.878636516937539191e-01 9.031287566485649565e-01 9.364280158727292802e-01 1.097281266181309833e+00 1.148029117118544384e+00 1.018424463689622472e+00 1.178832593670618767e+00 1.204697467722602111e+00
4.110000000000000320e-01 7.806737878619008919e-01 8.595018806252143762e-01 8.744509799730497690e-01 9.062391492147672256e-01 1.063561213875003908e+00 1.113251129815574059e+00 9.860749953068609353e-01 1.143266782892846445e+00 1.168666330815577137e+00
4.210000000000000409e-01 7.550900228969669170e-01 8.320685336693036671e-01 8.467047280993134084e-01 8.770426605886229021e-01 1.030875683979901369e+00 1.079516734477290241e+00 9.547616450743418026e-01 1.108758087434254413e+00 1.133692640271130481e+00
4.310000000000000497e-01 7.303553713142570958e-01 8.055152313845995726e-01 8.198415621000774145e-01 8.487873891568558093e-01 9.991728541785479534e-01 1.046774111075930325e+00 9.244320296460386555e-01 1.075254461450112053e+00 1.099724494015053011e+00
4.410000000000000031e-01 7.064259520037733386e-01 7.797970231343510639e-01 7.938164722336983337e-01 8.214257641620459349e-01 9.684044663894819660e-01 1.014974987020459407e+00 8.950373818764533196e-01 1.042707400246270399e+00 1.066713518488261681e+00
4.510000000000000120e-01 6.832609668521320012e-01 7.548720802428038334e-01 7.685875712360452638e-01 7.949134865621603208e-01 9.385255145731604687e-01 9.840743269991090170e-01 8.665322340377503707e-01 1.011071631773261315e+00 1.034614561110671849e+00
4.610000000000000209e-01 6.608224278190600876e-01 7.307014223587720014e-01 7.441158207990453688e-01 7.692092448246240499e-01 9.094939658938887561e-01 9.540300559683052573e-01 8.388741347778697621e-01 9.803048410533509172e-01 1.003385415607533249e+00
4.710000000000000298e-01 6.390749131051095544e-01 7.072486728056356364e-01 7.203647870218857774e-01 7.442744605706114180e-01 8.812705110209533288e-01 9.248028110962583925e-01 8.120233955752520494e-01 9.503674233686026929e-01 9.729865760352017778e-01
4.810000000000000386e-01 6.179853487848382398e-01 6.844798393129284397e-01 6.973004212239173327e-01 7.200730603857942169e-01 8.538183399673108243e-01 8.963557190699522614e-01 7.859428630617421030e-01 9.212222626485446764e-01 9.433810159410283003e-01
4.909999999999999920e-01 5.975228127969673952e-01 6.623631170392414447e-01 6.748908630398335884e-01 6.965712706365555507e-01 8.271029403777703237e-01 8.686541957033011574e-01 7.605977141001893926e-01 8.928345320055710577e-01 9.145339896185411543e-01
5.010000000000000009e-01 5.776583586172342466e-01 6.408687112281578058e-01 6.531062631305765143e-01 6.737374325694610588e-01 8.010919156097205951e-01 8.416657651947984098e-01 7.359552709355789979e-01 8.651715137935683808e-01 8.864128528273971241e-01
5.110000000000000098e-01 5.583648563056633485e-01 6.199686772027442894e-01 6.319186232272308024e-01 6.515418353420878717e-01 7.757548203123708630e-01 8.153598967646188411e-01 7.119848341029835215e-01 8.382024369248356477e-01 8.589869007271380141e-01
5.210000000000000187e-01 5.396168489296389037e-01 5.996367757119470676e-01 6.113016515126492578e-01 6.299565649465519446e-01 7.510630115175038757e-01 7.897078566866370108e-01 6.886575310839425645e-01 8.118983294843804543e-01 8.322272210573768980e-01
5.310000000000000275e-01 5.213904226270361653e-01 5.798483419034506925e-01 5.912306316222428748e-01 6.089553672533124518e-01 7.269895135151525078e-01 7.646825740057078269e-01 6.659461789648428720e-01 7.862318849384021258e-01 8.061065608702556728e-01
5.410000000000000364e-01 5.036630887977109339e-01 5.605801664199698831e-01 5.716823037622650316e-01 5.885135236297739381e-01 7.035088950094514626e-01 7.402585184458334577e-01 6.438251595740351885e-01 7.611773404531000375e-01 7.805992053347022841e-01
5.510000000000000453e-01 4.864136771030767581e-01 5.418103873061600462e-01 5.526347566301521574e-01 5.686077377823449686e-01 6.805971572394398095e-01 7.164115891995889163e-01 6.222703057654074277e-01 7.367103660273469634e-01 7.556808673154168376e-01
5.609999999999999432e-01 4.696222381177367344e-01 5.235183915763235163e-01 5.340673289897509557e-01 5.492160326371626766e-01 6.582316319121791492e-01 6.931190134562013050e-01 6.012587976798732248e-01 7.128079633033410634e-01 7.313285865952096065e-01
5.709999999999999520e-01 4.532699546183166506e-01 5.056847254332103025e-01 5.159605198941674686e-01 5.303176562182052578e-01 6.363908879351947157e-01 6.703592536643987465e-01 5.807690679573382919e-01 6.894483730572058544e-01 7.075206377469501762e-01
5.809999999999999609e-01 4.373390606165128425e-01 4.882910122492226668e-01 4.982959066650931579e-01 5.118929956051561092e-01 6.150546460559045414e-01 6.481119226412919154e-01 5.607807149933060620e-01 6.666109904906338812e-01 6.842364457754774865e-01
5.909999999999999698e-01 4.218127673487187534e-01 4.713198775258171103e-01 4.810560698471399443e-01 4.939234981607881214e-01 5.942037006199639704e-01 6.263577057473532772e-01 5.412744234398350063e-01 6.442762875474258299e-01 6.614565087576710356e-01
6.009999999999999787e-01 4.066751955260144991e-01 4.547548801376425920e-01 4.642245244441143837e-01 4.763915993104942403e-01 5.738198477508841266e-01 6.050782894351941499e-01 5.222318912419563475e-01 6.224257415679950167e-01 6.391623267957363685e-01
6.109999999999999876e-01 3.919113132277819433e-01 4.385804492468611260e-01 4.477856568209055976e-01 4.592806562378021762e-01 5.538858193321273271e-01 5.842562955559834625e-01 5.036357625804193106e-01 6.010417696725749437e-01 6.173363366740876046e-01
6.209999999999999964e-01 3.775068788914731077e-01 4.227818263418399169e-01 4.317246667303941687e-01 4.425748869301998623e-01 5.343852222414252617e-01 5.638752208824544532e-01 4.854695661611259094e-01 5.801076683313715066e-01 5.959618516846788561e-01
6.310000000000000053e-01 3.634483889116714717e-01 4.073450119144406689e-01 4.160275139727739324e-01 4.262593140716279261e-01 5.153024823470963023e-01 5.439193813550775580e-01 4.677176583524649822e-01 5.596075576390544537e-01 5.750230061326236930e-01
6.410000000000000142e-01 3.497230294145065588e-01 3.922567163429354631e-01 4.006808692639242109e-01 4.103197133320541923e-01 4.966227928288624027e-01 5.243738606267271951e-01 4.503651707251729586e-01 5.395263298628371063e-01 5.545047041021754497e-01
6.510000000000000231e-01 3.363186318201252245e-01 3.775043145935570998e-01 3.856720689167178473e-01 3.947425656523200210e-01 4.783320664316719761e-01 5.052244625081931950e-01 4.333979615961929266e-01 5.198496018787073236e-01 5.343925720896439691e-01
6.610000000000000320e-01 3.232236318468184044e-01 3.630758043946592517e-01 3.709890729954411492e-01 3.795150131643199032e-01 4.604168913020343368e-01 4.864576669728395975e-01 4.168025712194085575e-01 5.005636711506652459e-01 5.146729151653424150e-01
6.710000000000000409e-01 3.104270316464608492e-01 3.489597675729677606e-01 3.566204266326434280e-01 3.646248184236104417e-01 4.428644900918916050e-01 4.680605894077219942e-01 4.005661803025338807e-01 4.816554749428255677e-01 4.953326763552863277e-01
6.810000000000000497e-01 2.979183647928424494e-01 3.351453342734070362e-01 3.425552242263177338e-01 3.500603266643596556e-01 4.256626820471958172e-01 4.500209428268239775e-01 3.846765715618067905e-01 4.631125524857691023e-01 4.763593989613211788e-01
6.910000000000000586e-01 2.856876638726532081e-01 3.216221498117906030e-01 3.287830762728495837e-01 3.358104308154563067e-01 4.087998478261589130e-01 4.323270027995514408e-01 3.691220940547336737e-01 4.449230098459568961e-01 4.577411915755618121e-01
7.010000000000000675e-01 2.737254304538176419e-01 3.083803439346373132e-01 3.152940786024738817e-01 3.218645390424365593e-01 3.922648968173462203e-01 4.149675748587943747e-01 3.538916300564410311e-01 4.270754872716913120e-01 4.394666955558506061e-01
7.110000000000000764e-01 2.620226072281902630e-01 2.954105022824480842e-01 3.020787838226134947e-01 3.082125446026292570e-01 3.760472367498027269e-01 3.979319641914335626e-01 3.389745642679928839e-01 4.095591288109045047e-01 4.215250547673398684e-01
7.210000000000000853e-01 2.505705521452538664e-01 2.827036398724415700e-01 2.891281747763878585e-01 2.948447978215699150e-01 3.601367454073579610e-01 3.812099474161145807e-01 3.243607551649873022e-01 3.923635540154913892e-01 4.039058873968930929e-01
7.310000000000000941e-01 2.393610143711194238e-01 2.702511764342271361e-01 2.764336398579126386e-01 2.817520800166085637e-01 3.445237442767301039e-01 3.647917462873323524e-01 3.100405083128919825e-01 3.754788315642522689e-01 3.865992596811601567e-01
7.410000000000001030e-01 2.283861119228116909e-01 2.580449134476468509e-01 2.639869500257046586e-01 2.689255792101722387e-01 3.291989739750006971e-01 3.486680031646589017e-01 2.960045514915441989e-01 3.588954546520741196e-01 3.695956613886517972e-01
7.510000000000001119e-01 2.176383108418692147e-01 2.460770127459218082e-01 2.517802373860024701e-01 2.563568674895114197e-01 3.141535713160538146e-01 3.328297581163942032e-01 2.822440114857490134e-01 3.426043180068416016e-01 3.528859829265000858e-01
7.610000000000001208e-01 2.071104057838304702e-01 2.343399765598047635e-01 2.398059752140229428e-01 2.440378798828667650e-01 2.993790478882433215e-01 3.172684275232010020e-01 2.687503924118034848e-01 3.265966964079812240e-01 3.364614939387192694e-01
7.710000000000001297e-01 1.967955019114712156e-01 2.228266288897570724e-01 2.280569593053515531e-01 2.319608946337649302e-01 2.848672700270716840e-01 3.019757840714989428e-01 2.555155554613190994e-01 3.108642245918752933e-01 3.203138232868107949e-01
7.809999999999999165e-01 1.866869979897296250e-01 2.115300981031454641e-01 2.165262905508273661e-01 2.201185147655160823e-01 2.706104400766786711e-01 2.869439380275626839e-01 2.425316999543059293e-01 2.953988784392731493e-01 3.044349403046699987e-01
7.909999999999999254e-01 1.767785705894109327e-01 2.004438006626941549e-01 2.052073586455543386e-01 2.085036508376545417e-01 2.566010788434002210e-01 2.721653197006890790e-01 2.297913456027594614e-01 2.801929573490786751e-01 2.888171372370174628e-01
8.009999999999999343e-01 1.670641593148706749e-01 1.895614259004745894e-01 1.940938268412316647e-01 1.971095048044900488e-01 2.428320091527965963e-01 2.576326630023051956e-01 2.172873158945568817e-01 2.652390677109182082e-01 2.734530127690082968e-01
8.109999999999999432e-01 1.575379529783349219e-01 1.788769217592456606e-01 1.831796176694649725e-01 1.859295548936331643e-01 2.292963404291518681e-01 2.433389900265102712e-01 2.050127225151042176e-01 2.505301073964341096e-01 2.583354565732272623e-01
8.209999999999999520e-01 1.481943766500787851e-01 1.683844814295214765e-01 1.724588995579441619e-01 1.749575414293655928e-01 2.159874542232511629e-01 2.292775965718116815e-01 1.929609507311835503e-01 2.360592511958284900e-01 2.434576347944138464e-01
8.309999999999999609e-01 1.390280795198162445e-01 1.580785308168153880e-01 1.619260742775231465e-01 1.641874535321281858e-01 2.028989906203400306e-01 2.154420385400032389e-01 1.811256456675980064e-01 2.218199371323017755e-01 2.288129764084471940e-01
8.409999999999999698e-01 1.300339235099998159e-01 1.479537167790046792e-01 1.515757651646137405e-01 1.536135166309024469e-01 1.900248354657954331e-01 2.018261191546604771e-01 1.695006994130629496e-01 2.078058535925038086e-01 2.143951603985219390e-01
8.509999999999999787e-01 1.212069725866912751e-01 1.380048960786796064e-01 1.414028060510732487e-01 1.432301807305436381e-01 1.773591083510948629e-01 1.884238769294250548e-01 1.580802388968885197e-01 1.940109272161295584e-01 2.001981036791570800e-01
8.609999999999999876e-01 1.125424827181906173e-01 1.282271249998050977e-01 1.314022308672219697e-01 1.330321093810093724e-01 1.648961513072841611e-01 1.752295743499908964e-01 1.468586144826179718e-01 1.804293114922831953e-01 1.862159497322800061e-01
8.709999999999999964e-01 1.040358924355589965e-01 1.186156495822775769e-01 1.215692638569354639e-01 1.230141692992649527e-01 1.526305181573087977e-01 1.622376872068276299e-01 1.358303892292667125e-01 1.670553760144506961e-01 1.724430578928169422e-01
8.810000000000000053e-01 9.568281395301223013e-02 1.091658964313069191e-01 1.118993103702354136e-01 1.131714205990577704e-01 1.405569644823675690e-01 1.494428945424932931e-01 1.249903287744917324e-01 1.538836963495255616e-01 1.588739932479009132e-01
8.910000000000000142e-01 8.747902480928820834e-02 9.987346406248451269e-02 1.023879481933476360e-01 1.034991075868741256e-01 1.286704381610564996e-01 1.368400691717436002e-01 1.143333917977016057e-01 1.409090444800010222e-01 1.455035171081757450e-01
9.010000000000000231e-01 7.942045999449663662e-02 9.073411474588061187e-02 9.303091937681037815e-02 9.399265008588381098e-02 1.169660704430409287e-01 1.244242687335713887e-01 1.038547210242686536e-01 1.281263797813059768e-01 1.323265780105831735e-01
9.110000000000000320e-01 7.150320452933872639e-02 8.174376681582996851e-02 8.382412252963432342e-02 8.464763525246495057e-02 1.054391675220658076e-01 1.121907272415479384e-01 9.354963473512260819e-02 1.155308404993471011e-01 1.193383032191735055e-01
9.210000000000000409e-01 6.372348646645477344e-02 7.289848741529403320e-02 7.476360554908842437e-02 7.545980985282574327e-02 9.408520257571367784e-02 1.001348471007530022e-01 8.341361874835793999e-02 1.031177356958243030e-01 1.065339906924290814e-01
9.310000000000000497e-01 5.607767028584624558e-02 6.419448564629387510e-02 6.584555875683953396e-02 6.642507296930683092e-02 8.289980824170102569e-02 8.825219156045861768e-02 7.344231884258606291e-02 9.088253763132010665e-02 9.390910148641547217e-02
9.410000000000000586e-01 4.856225065839819832e-02 5.562810609975166881e-02 5.706630841445527874e-02 5.753946910839374124e-02 7.187876950275759458e-02 7.653847757444634525e-02 6.363153359324129343e-02 7.882087455832038903e-02 8.145925256580367757e-02
9.510000000000000675e-01 4.117384655359553752e-02 4.719582274043337272e-02 4.842231059559536782e-02 4.879918168554198132e-02 6.101801695433854006e-02 6.498956904492050879e-02 5.397720759576903754e-02 6.692852389846140615e-02 6.918020999873075727e-02
9.610000000000000764e-01 3.390919566911630711e-02 3.889423312404698824e-02 3.991014538976854487e-02 4.020052686099315903e-02 5.031362043084711133e-02 5.360147042377122473e-02 4.447542505137618701e-02 5.520140577998898512e-02 5.706788250955359409e-02
9.710000000000000853e-01 2.676514916213253853e-02 3.072005292588620914e-02 3.152651141807852331e-02 3.173994770638449009e-02 3.976178296841113846e-02 4.237032065008038140e-02 3.512240369253513683e-02 4.363557691323837612e-02 4.511831536825962330e-02
9.810000000000000941e-01 1.973866666218093702e-02 2.267011076038377704e-02 2.326822064062569403e-02 2.341400868018594927e-02 2.935883508318156906e-02 3.129238740364428256e-02 2.591448902726269099e-02 3.222722478348148678e-02 3.332768459655945092e-02
9.910000000000001030e-01 1.282681155066814002e-02 1.474134327626592383e-02 1.513219344077510777e-02 1.521939039255156521e-02 1.910122934600218605e-02 2.036406165572003310e-02 1.684814888300683808e-02 2.097266214189291017e-02 2.169229147186661766e-02
1.001000000000000112e+00 6.026746494790433811e-03 6.930790512675752586e-03 7.115453967665482347e-03 7.152884610063453726e-03 8.985535230449620547e-03 9.581852492653640183e-03 7.919968218700649057e-03 9.868321776674477547e-03 1.020855730736339347e-02
1.011000000000000121e+00 -6.642708408366035855e-04 -7.644085485141835674e-04 -7.848743194924730259e-04 -7.886102767871562644e-04 -9.915657453464646939e-04 -1.057617778705929662e-03 -8.733557313907510528e-04 -1.089248451744688007e-03 -1.126981501272814046e-03
1.021000000000000130e+00 -7.248891718968623714e-03 -8.347020083856205100e-03 -8.571572765972867991e-03 -8.608094069999695438e-03 -1.083328471160801068e-02 -1.155761832097342359e-02 -9.535018224117994268e-03 -1.190339032854086099e-02 -1.231767818339019570e-02
1.031000000000000139e+00 -1.372968023975560704e-02 -1.581971947604061263e-02 -1.624733157930295657e-02 -1.630846865462561718e-02 -2.054272979991056403e-02 -2.192131417349703695e-02 -1.806811133650910312e-02 -2.257733976746652965e-02 -2.336678007138707353e-02
1.040999999999999925e+00 -2.010911692225994876e-02 -2.318509504812610658e-02 -2.381475357149902272e-02 -2.389254219743552551e-02 -3.012291035864981051e-02 -3.215177047517869119e-02 -2.647562822351350043e-02 -3.311423107462171250e-02 -3.427743285308985921e-02
1.050999999999999934e+00 -2.638960215000386161e-02 -3.044565164735211354e-02 -3.127635775504462867e-02 -3.136303294253284940e-02 -3.957674093130911924e-02 -4.225195647166820473e-02 -3.476046711024879943e-02 -4.351710100453450025e-02 -4.505268462351684489e-02
1.060999999999999943e+00 -3.257345944245826352e-02 -3.760381404970708497e-02 -3.863458275490781746e-02 -3.872257284869109334e-02 -4.890704504568429284e-02 -5.222474932624663474e-02 -4.292543509825547804e-02 -5.378889262060760484e-02 -5.569548973696952093e-02
1.070999999999999952e+00 -3.866293856403608259e-02 -4.466193019579939305e-02 -4.589179005484339546e-02 -4.597371104999226077e-02 -5.811655882049025085e-02 -6.207293775101960925e-02 -5.097325178785162836e-02 -6.393245897100596764e-02 -6.620871247855869557e-02
1.080999999999999961e+00 -4.466021848077086909e-02 -5.162227426881203091e-02 -5.305026708360034704e-02 -5.311891714946060522e-02 -6.720793439952503501e-02 -7.179922546334573108e-02 -5.890655272640878126e-02 -7.395056659025155132e-02 -7.659513056000201436e-02
1.090999999999999970e+00 -5.056741017412077349e-02 -5.848704962423792453e-02 -6.011223015327767788e-02 -6.016058435397574067e-02 -7.618374322286616818e-02 -8.140623447959952075e-02 -6.672789269278993352e-02 -8.384589883618576156e-02 -8.685743845191963575e-02
1.100999999999999979e+00 -5.638655931953443640e-02 -6.525839157910484634e-02 -6.707982725636529864e-02 -6.710103246029586188e-02 -8.504647914428863087e-02 -9.089650825431189185e-02 -7.443974882672196869e-02 -9.362105907140461092e-02 -9.699825056062505446e-02
1.110999999999999988e+00 -6.211964883748942456e-02 -7.193837006879325036e-02 -7.395514073111669751e-02 -7.394251070022096750e-02 -9.379856140328381164e-02 -1.002725146744386092e-01 -8.204452361199113253e-02 -1.032785736975500024e-01 -1.070201042591410745e-01
1.120999999999999996e+00 -6.776860132423483118e-02 -7.852899217893727357e-02 -8.074018980062913631e-02 -8.068720045247419759e-02 -1.024423374596277331e-01 -1.095366489147054784e-01 -8.954454772110384542e-02 -1.128208950505332347e-01 -1.169254627784301337e-01
1.131000000000000005e+00 -7.333528136875099024e-02 -8.503220455882262718e-02 -8.743693299404139974e-02 -8.733721782890607743e-02 -1.109800856978707950e-01 -1.186912361633312984e-01 -9.694208272913648616e-02 -1.222504041640098266e-01 -1.267167179681327194e-01
1.141000000000000014e+00 -7.882149776206290315e-02 -9.144989572332727634e-02 -9.404727045557213783e-02 -9.389461614158513270e-02 -1.194140180088260755e-01 -1.277385342238729349e-01 -1.042393237038022752e-01 -1.315694134082598943e-01 -1.363961929325772371e-01
1.151000000000000023e+00 -8.422900560510090950e-02 -9.778389824890224014e-02 -1.005730461472195830e-01 -1.003613882572403082e-01 -1.277462822544708498e-01 -1.366807359999370197e-01 -1.114384016782459658e-01 -1.407801690109105330e-01 -1.459661445488112108e-01
1.161000000000000032e+00 -8.955950832020133368e-02 -1.040359908696442126e-01 -1.070160499524938913e-01 -1.067394688453323498e-01 -1.359789646225304238e-01 -1.455199718703015788e-01 -1.185413860128627650e-01 -1.498848534657966081e-01 -1.554287658741930755e-01
1.171000000000000041e+00 -9.481465957156721969e-02 -1.102079004785791183e-01 -1.133780196818583164e-01 -1.130307365249063334e-01 -1.441140918764325651e-01 -1.542583119557326132e-01 -1.255502866519385419e-01 -1.588855878356938145e-01 -1.647861884448822978e-01
1.181000000000000050e+00 -9.999606509960001777e-02 -1.163013040392218145e-01 -1.196606429940552385e-01 -1.192370159159812787e-01 -1.521536335061010325e-01 -1.628977682920238479e-01 -1.324670562805063123e-01 -1.677844339544331265e-01 -1.740404844797285577e-01
1.191000000000000059e+00 -1.051052844734624986e-01 -1.223178304121631393e-01 -1.258655592255235878e-01 -1.253600796002376505e-01 -1.600995037847160185e-01 -1.714402969018737621e-01 -1.392935923868100778e-01 -1.765833965335282252e-01 -1.831936689822172559e-01
1.201000000000000068e+00 -1.101438327661518057e-01 -1.282590621009616072e-01 -1.319943611450647702e-01 -1.314016499957225970e-01 -1.679535637361887213e-01 -1.798877997832063758e-01 -1.460317392349126664e-01 -1.852844251781523288e-01 -1.922477017580752623e-01
1.211000000000000076e+00 -1.151131821563231017e-01 -1.341265369216753101e-01 -1.380485966259230313e-01 -1.373634011499733909e-01 -1.757176230179475773e-01 -1.882421268063493303e-01 -1.526832897522397148e-01 -1.938894163170456209e-01 -2.012044893409807855e-01
1.221000000000000085e+00 -1.200147634602462404e-01 -1.399217495997627514e-01 -1.440297702515615230e-01 -1.432469604558406495e-01 -1.833934417232606084e-01 -1.965050775368525626e-01 -1.592499873363024676e-01 -2.024002150506384878e-01 -2.100658868431607706e-01
1.231000000000000094e+00 -1.248499675978323176e-01 -1.456461532982250007e-01 -1.499393448464170220e-01 -1.490539102936671301e-01 -1.909827321071267681e-01 -2.046784029754274148e-01 -1.657335275845603362e-01 -2.108186169214588679e-01 -2.188336997223846725e-01
1.241000000000000103e+00 -1.296201469957935504e-01 -1.513011610802752760e-01 -1.557787429454856876e-01 -1.547857896037969638e-01 -1.984871602395136825e-01 -2.127638072292784566e-01 -1.721355599514041990e-01 -2.191463696106329684e-01 -2.275096854796395396e-01
1.251000000000000112e+00 -1.343266169311861380e-01 -1.568881473099182078e-01 -1.615493481989550562e-01 -1.604440953926191959e-01 -2.059083475895344406e-01 -2.207629491113001496e-01 -1.784576893357035787e-01 -2.273851745640978750e-01 -2.360955552839730243e-01
1.261000000000000121e+00 -1.389706568183931845e-01 -1.624084489935350983e-01 -1.672525067193303405e-01 -1.660302841756864378e-01 -2.132478725439360956e-01 -2.286774436748580108e-01 -1.847014776024215321e-01 -2.355366885519452613e-01 -2.445929755322349963e-01
1.271000000000000130e+00 -1.435535114421305491e-01 -1.678633670652883714e-01 -1.728895283707360397e-01 -1.715457733607415880e-01 -2.205072718630865236e-01 -2.365088636842066216e-01 -1.908684450414617206e-01 -2.436025251641067424e-01 -2.530035693438086875e-01
1.281000000000000139e+00 -1.480763921393453419e-01 -1.732541676191584890e-01 -1.784616880066345612e-01 -1.769919425737511431e-01 -2.276880420774357039e-01 -2.442587410269392023e-01 -1.969600717667687462e-01 -2.515842562453960429e-01 -2.613289179967072107e-01
1.291000000000000147e+00 -1.525404779323241145e-01 -1.785820830902221656e-01 -1.839702266541135278e-01 -1.823701349306511843e-01 -2.347916408273706679e-01 -2.519285680669500205e-01 -2.029777990586061343e-01 -2.594834132728499609e-01 -2.695705623035667409e-01
1.301000000000000156e+00 -1.569469166154766615e-01 -1.838483133875471187e-01 -1.894163526529024644e-01 -1.876816582573501979e-01 -2.418194881490595138e-01 -2.595197989462775245e-01 -2.089230306516045299e-01 -2.673014886780104571e-01 -2.777300039359009709e-01
1.311000000000000165e+00 -1.612968257979647824e-01 -1.890540269810749296e-01 -1.948012427440778960e-01 -1.929277862605602023e-01 -2.487729677089099145e-01 -2.670338508310500791e-01 -2.147971339712628769e-01 -2.750399371167835949e-01 -2.858087066918537644e-01
1.321000000000000174e+00 -1.655912939042785970e-01 -1.942003619446789620e-01 -2.001260431189677558e-01 -1.981097596516613879e-01 -2.556534279890060879e-01 -2.744721051122304689e-01 -2.206014413212437075e-01 -2.827001766892856538e-01 -2.938080977181795617e-01
1.331000000000000183e+00 -1.698313811347637592e-01 -1.992884269574083933e-01 -2.053918704237119308e-01 -2.032287872258894401e-01 -2.624621834257799824e-01 -2.818359085568573619e-01 -2.263372510237687818e-01 -2.902835901119523165e-01 -3.017295686821429013e-01
1.341000000000000192e+00 -1.740181203879663796e-01 -2.043193022649429924e-01 -2.105998127249171792e-01 -2.082860468988887992e-01 -2.692005155041514719e-01 -2.891265744154249973e-01 -2.320058285152994670e-01 -2.977915258441840574e-01 -3.095744768990023599e-01
1.351000000000000201e+00 -1.781525181466061536e-01 -2.092940406030910083e-01 -2.157509304351143409e-01 -2.132826867026169360e-01 -2.758696738090801182e-01 -2.963453834842514900e-01 -2.376084073995362589e-01 -3.052252991714815566e-01 -3.173441464139579726e-01
1.360999999999999988e+00 -1.822355553287742791e-01 -2.142136680850236785e-01 -2.208462572063714935e-01 -2.182198257424743104e-01 -2.824708770365586541e-01 -3.034935851314778943e-01 -2.431461904597011503e-01 -3.125861932471373228e-01 -3.250398690471897334e-01
1.370999999999999996e+00 -1.862681881060713196e-01 -2.190791850540116659e-01 -2.258868007835412861e-01 -2.230985551173629011e-01 -2.890053139657996484e-01 -3.105723982782405135e-01 -2.486203506319362433e-01 -3.198754600942826931e-01 -3.326629053935715730e-01
1.381000000000000005e+00 -1.902513486901029893e-01 -2.238915669031598388e-01 -2.308735438293109954e-01 -2.279199388044868546e-01 -2.954741443944254864e-01 -3.175830123474248090e-01 -2.540320319415561579e-01 -3.270943215700728435e-01 -3.402144857894725538e-01
1.391000000000000014e+00 -1.941859460887881139e-01 -2.286517648636465228e-01 -2.358074447149969555e-01 -2.326850145103127043e-01 -3.018785000382604444e-01 -3.245265881741000724e-01 -2.593823504038386130e-01 -3.342439702936878532e-01 -3.476958112407410040e-01
1.401000000000000023e+00 -1.980728668338574694e-01 -2.333607067629027976e-01 -2.406894382819470268e-01 -2.373947944893601281e-01 -3.082194853973235782e-01 -3.314042588826048297e-01 -2.646723948909179280e-01 -3.413255705397515438e-01 -3.551080543169002901e-01
1.411000000000000032e+00 -2.019129756808220877e-01 -2.380192977540513677e-01 -2.455204365742498507e-01 -2.420502663321248693e-01 -3.144981785895009097e-01 -3.382171307312210051e-01 -2.699032279662497147e-01 -3.483402590986517389e-01 -3.624523600124508471e-01
1.421000000000000041e+00 -2.057071162826052957e-01 -2.426284210179114886e-01 -2.503013295424323381e-01 -2.466523937235993724e-01 -3.207156321533025656e-01 -3.449662839241428025e-01 -2.750758866881140574e-01 -3.552891461052277711e-01 -3.697298465750359364e-01
1.431000000000000050e+00 -2.094561118380297293e-01 -2.471889384387106203e-01 -2.550329857239647113e-01 -2.512021171735532854e-01 -3.268728738210403550e-01 -3.516527733968053404e-01 -2.801913833834508427e-01 -3.621733158371487349e-01 -3.769416063065447187e-01
1.441000000000000059e+00 -2.131607657162479241e-01 -2.517016912547516694e-01 -2.597162528957620009e-01 -2.557003547199556692e-01 -3.329709072637406231e-01 -3.582776295698379965e-01 -2.852507063933634179e-01 -3.689938274843462818e-01 -3.840887063324108786e-01
1.451000000000000068e+00 -2.168218620581772171e-01 -2.561675006850317460e-01 -2.643519587027711171e-01 -2.601480026065599027e-01 -3.390107128089579480e-01 -3.648418590758463753e-01 -2.902548207914515399e-01 -3.757517158906564236e-01 -3.911721893433354191e-01
1.461000000000000076e+00 -2.204401663558898383e-01 -2.605871685328875476e-01 -2.689409112662088375e-01 -2.645459359358479645e-01 -3.449932481326464240e-01 -3.713464454627555811e-01 -2.952046690761713221e-01 -3.824479922688883149e-01 -3.981930743131859574e-01
1.471000000000000085e+00 -2.240164260109525629e-01 -2.649614777676944644e-01 -2.734838997651840575e-01 -2.688950092983482532e-01 -3.509194489262433825e-01 -3.777923498675062608e-01 -3.001011718383120863e-01 -3.890836448904568812e-01 -4.051523571868547724e-01
1.481000000000000094e+00 -2.275513708725842854e-01 -2.692911930854612335e-01 -2.779816950025870148e-01 -2.731960573793292824e-01 -3.567902295399176249e-01 -3.841805116711530244e-01 -3.049452284046292316e-01 -3.956596397505736107e-01 -4.120510115491536896e-01
1.491000000000000103e+00 -2.310457137564982111e-01 -2.735770614493038821e-01 -2.824350499451150354e-01 -2.774498955438394199e-01 -3.626064836030623573e-01 -3.905118491252921875e-01 -3.097377174586517512e-01 -4.021769212100794189e-01 -4.188899892646740231e-01
1.501000000000000112e+00 -2.345001509452363242e-01 -2.778198126106006804e-01 -2.868447002495320142e-01 -2.816573204009681364e-01 -3.683690846229176197e-01 -3.967872599620436147e-01 -3.144794976395530739e-01 -4.086364126148406273e-01 -4.256702211008471237e-01
1.511000000000000121e+00 -2.379153626707530556e-01 -2.820201596116220788e-01 -2.912113647652411208e-01 -2.858191103482469186e-01 -3.740788865622527992e-01 -4.030076219777671831e-01 -3.191714081201046382e-01 -4.150390168936354263e-01 -4.323926173244096449e-01
1.521000000000000130e+00 -2.412920135800386834e-01 -2.861787992704594719e-01 -2.955357460228544286e-01 -2.899360260969238157e-01 -3.797367243969608785e-01 -4.091737936002618481e-01 -3.238142691644449456e-01 -4.213856171354093960e-01 -4.390580682810006907e-01
1.531000000000000139e+00 -2.446307531844089944e-01 -2.902964126489440688e-01 -2.998185307039133440e-01 -2.940088111789752601e-01 -3.853434146544018057e-01 -4.152866144347263644e-01 -3.284088826665709226e-01 -4.276770771467615084e-01 -4.456674449532180837e-01
1.541000000000000147e+00 -2.479322162931873186e-01 -2.943736655042262229e-01 -3.040603900939078952e-01 -2.980381924366010127e-01 -3.908997559332074712e-01 -4.213469057906954474e-01 -3.329560326702917239e-01 -4.339142419903688208e-01 -4.522215994993229460e-01
1.551000000000000156e+00 -2.511970234323800955e-01 -2.984112087247668410e-01 -3.082619805213025477e-01 -3.020248804947975318e-01 -3.964065294054079369e-01 -4.273554711927396998e-01 -3.374564858714240168e-01 -4.400979385052479209e-01 -4.587213657754161678e-01
1.561000000000000165e+00 -2.544257812490001158e-01 -3.024096787512868256e-01 -3.124239437798885244e-01 -3.059695702178754639e-01 -4.018644993014662270e-01 -4.333130968723297172e-01 -3.419109921029138688e-01 -4.462289758094322711e-01 -4.651675598384708010e-01
1.571000000000000174e+00 -2.576190829015434502e-01 -3.063696979833314682e-01 -3.165469075372142616e-01 -3.098729411503928222e-01 -4.072744133789844567e-01 -4.392205522437174214e-01 -3.463202848035596970e-01 -4.523081457858633692e-01 -4.715609804331045152e-01
1.581000000000000183e+00 -2.607775084372465080e-01 -3.102918751720114554e-01 -3.206314857293371401e-01 -3.137356579432354908e-01 -4.126370033756917577e-01 -4.450785903640962493e-01 -3.506850814710238406e-01 -4.583362235521120653e-01 -4.779024094623530172e-01
1.591000000000000192e+00 -2.639016251565953208e-01 -3.141768057994431262e-01 -3.246782789422771320e-01 -3.175583707653636401e-01 -4.179529854473332806e-01 -4.508879483785538378e-01 -3.550060840997090739e-01 -4.643139679145472654e-01 -4.841926124429563605e-01
1.601000000000000201e+00 -2.669919879656267314e-01 -3.180250724454898315e-01 -3.286878747800286438e-01 -3.213417157018556014e-01 -4.232230605910597410e-01 -4.566493479496850361e-01 -3.592839796041020772e-01 -4.702421218075974463e-01 -4.904323389450543913e-01
1.610999999999999988e+00 -2.700491397164803131e-01 -3.218372451422050196e-01 -3.326608482209525985e-01 -3.250863151387158312e-01 -4.284479150548786697e-01 -4.623634956737986412e-01 -3.635194402281763382e-01 -4.761214127186475520e-01 -4.966223230182073567e-01
1.620999999999999996e+00 -2.730736115366526606e-01 -3.256138817165330490e-01 -3.365977619623064521e-01 -3.287927781349889167e-01 -4.336282207336855654e-01 -4.680310834835036404e-01 -3.677131239413532482e-01 -4.819525530991207174e-01 -5.027632836035617059e-01
1.631000000000000005e+00 -2.760659231474509312e-01 -3.293555281217034336e-01 -3.404991667531127031e-01 -3.324617007827127546e-01 -4.387646355524300601e-01 -4.736527890369449656e-01 -3.718656748215561358e-01 -4.877362407623007656e-01 -5.088559249324114964e-01
1.641000000000000014e+00 -2.790265831719486722e-01 -3.330627187577228643e-01 -3.443656017157855631e-01 -3.360936665550802172e-01 -4.438578038368580780e-01 -4.792292760941753160e-01 -3.759777234258534495e-01 -4.934731592683571089e-01 -5.149009369116752666e-01
1.651000000000000023e+00 -2.819560894329661282e-01 -3.367359767814416815e-01 -3.481975946591223670e-01 -3.396892466433721891e-01 -4.489083566723521268e-01 -4.847611948833197570e-01 -3.800498871491704289e-01 -4.991639782970937467e-01 -5.208989954989199367e-01
1.661000000000000032e+00 -2.848549292414082057e-01 -3.403758144065485158e-01 -3.519956623779294524e-01 -3.432490002830040354e-01 -4.539169122512713428e-01 -4.902491824518395158e-01 -3.840827705714700557e-01 -5.048093540088544051e-01 -5.268507630622831783e-01
1.671000000000000041e+00 -2.877235796752652397e-01 -3.439827331938863919e-01 -3.557603109464830826e-01 -3.467734750691091605e-01 -4.588840762092609715e-01 -4.956938630101795362e-01 -3.880769657939242556e-01 -5.104099293940345117e-01 -5.327568887325500047e-01
1.681000000000000050e+00 -2.905625078497618419e-01 -3.475572243324682176e-01 -3.594920359993349912e-01 -3.502632072621282289e-01 -4.638104419509185838e-01 -5.010958482613273590e-01 -3.920330527643896557e-01 -5.159663346116293292e-01 -5.386180087409309092e-01
1.691000000000000059e+00 -2.933721711788416786e-01 -3.510997689115250564e-01 -3.631913230066007303e-01 -3.537187220836500723e-01 -4.686965909652244799e-01 -5.064557377234790714e-01 -3.959515995926626841e-01 -5.214791873172097691e-01 -5.444347467497622217e-01
1.701000000000000068e+00 -2.961530176284210003e-01 -3.546108381839325752e-01 -3.668586475369713940e-01 -3.571405340029792930e-01 -4.735430931311002678e-01 -5.117741190391125183e-01 -3.998331628558361994e-01 -5.269490929807147950e-01 -5.502077141693919593e-01
1.711000000000000076e+00 -2.989054859616609994e-01 -3.580908938213262505e-01 -3.704944755148470992e-01 -3.605291470146957389e-01 -4.783505070134698722e-01 -5.170515682768824783e-01 -4.036782878941526653e-01 -5.323766451944383915e-01 -5.559375104677091173e-01
1.721000000000000085e+00 -3.016300059765503194e-01 -3.615403881612280768e-01 -3.740992634693157681e-01 -3.638850549076019236e-01 -4.831193801501729723e-01 -5.222886502241269602e-01 -4.074875090976987635e-01 -5.377624259715675370e-01 -5.616247234701030600e-01
1.731000000000000094e+00 -3.043269987361188478e-01 -3.649597644464561697e-01 -3.776734587741658045e-01 -3.672087415253049714e-01 -4.878502493300465592e-01 -5.274859186692089086e-01 -4.112613501842552477e-01 -5.431070060356026907e-01 -5.672699296490588683e-01
1.741000000000000103e+00 -3.069968767915128294e-01 -3.683494570571237414e-01 -3.812174998810285986e-01 -3.705006810187861932e-01 -4.925436408625020190e-01 -5.326439166758119015e-01 -4.150003244686297221e-01 -5.484109451009893110e-01 -5.728736944055500269e-01
1.751000000000000112e+00 -3.096400443982013639e-01 -3.717098917354613175e-01 -3.847318165452539018e-01 -3.737613380912193084e-01 -4.972000708389040513e-01 -5.377631768488513320e-01 -4.187049351237936978e-01 -5.536747921452719323e-01 -5.784365723418612992e-01
1.761000000000000121e+00 -3.122568977255744116e-01 -3.750414858037740551e-01 -3.882168300463437749e-01 -3.769911682353617177e-01 -5.018200453860423016e-01 -5.428442215938565907e-01 -4.223756754341005948e-01 -5.588990856730929879e-01 -5.839591075277227317e-01
1.771000000000000130e+00 -3.148478250601540185e-01 -3.783446483757203493e-01 -3.916729533982927225e-01 -3.801906179636803662e-01 -5.064040609119755398e-01 -5.478875633651933974e-01 -4.260130290408565279e-01 -5.640843539722809608e-01 -5.894418337551212694e-01
1.781000000000000139e+00 -3.174132070026474683e-01 -3.816197805612089877e-01 -3.951005915571964566e-01 -3.833601250316287512e-01 -5.109526043445248300e-01 -5.528937049105503432e-01 -4.296174701805358098e-01 -5.692311153623582642e-01 -5.948852747892141579e-01
1.791000000000000147e+00 -3.199534166590737860e-01 -3.848672756650777238e-01 -3.985001416200370516e-01 -3.865001186541421885e-01 -5.154661533626481162e-01 -5.578631395055944076e-01 -4.331894639158923033e-01 -5.743398784356743558e-01 -6.002899446092643254e-01
1.801000000000000156e+00 -3.224688198261589922e-01 -3.880875193798506984e-01 -4.018719930192486411e-01 -3.896110197157344746e-01 -5.199451766209912673e-01 -5.627963511834624954e-01 -4.367294663602089844e-01 -5.794111422914827170e-01 -6.056563476442599070e-01
1.811000000000000165e+00 -3.249597751711980620e-01 -3.912808899727015510e-01 -4.052165277107673269e-01 -3.926932409743269514e-01 -5.243901339678027629e-01 -5.676938149568060421e-01 -4.402379248949258583e-01 -5.844453967631477731e-01 -6.109849790009421744e-01
1.821000000000000174e+00 -3.274266344066023016e-01 -3.944477584668737435e-01 -4.085341203543069732e-01 -3.957471872590667128e-01 -5.288014766564619329e-01 -5.725559970311575597e-01 -4.437152783808776535e-01 -5.894431226387455425e-01 -6.162763246830118558e-01
1.831000000000000183e+00 -3.298697424592838545e-01 -3.975884888177744769e-01 -4.118251384942018256e-01 -3.987732556623541091e-01 -5.331796475508743249e-01 -5.773833550180031970e-01 -4.471619573633611178e-01 -5.944047918753133652e-01 -6.215308618099089077e-01
1.841000000000000192e+00 -3.322894376350693513e-01 -4.007034380838367937e-01 -4.150899427278350595e-01 -4.017718357262234363e-01 -5.375250813248715342e-01 -5.821763381345880228e-01 -4.505783842712497433e-01 -5.993308678068861584e-01 -6.267490588221867887e-01
1.851000000000000201e+00 -3.346860517783299405e-01 -4.037929565924298636e-01 -4.183288868735040023e-01 -4.047433096233403194e-01 -5.418382046558817278e-01 -5.869353874023407469e-01 -4.539649736103344435e-01 -6.042218053466080763e-01 -6.319313756853820463e-01
1.861000000000000210e+00 -3.370599104269568769e-01 -4.068573881009154292e-01 -4.215423181341618197e-01 -4.076880523327581218e-01 -5.461194364130318446e-01 -5.916609358403921437e-01 -4.573221321511212190e-01 -6.090780511830626853e-01 -6.370782640888429382e-01
1.870999999999999996e+00 -3.394113329628751230e-01 -4.098970699530748996e-01 -4.247305772515218569e-01 -4.106064318105971389e-01 -5.503691878399045168e-01 -5.963534086486758090e-01 -4.606502591112370815e-01 -6.139000439710778911e-01 -6.421901676340251441e-01
1.881000000000000005e+00 -3.417406327582102055e-01 -4.129123332309859173e-01 -4.278939986612819157e-01 -4.134988091558597922e-01 -5.545878627320556253e-01 -6.010132233914099453e-01 -4.639497463326595073e-01 -6.186882145170884417e-01 -6.472675220230461601e-01
1.891000000000000014e+00 -3.440481173173087770e-01 -4.159035029026065811e-01 -4.310329106409087618e-01 -4.163655387715134437e-01 -5.587758576095742669e-01 -6.056407901724135678e-01 -4.672209784539004263e-01 -6.234429859593674239e-01 -6.523107552389539876e-01
1.901000000000000023e+00 -3.463340884146782761e-01 -4.188708979650949127e-01 -4.341476354528399084e-01 -4.192069685210183527e-01 -5.629335618847349787e-01 -6.102365118051453763e-01 -4.704643330773646270e-01 -6.281647739431659438e-01 -6.573202877206115735e-01
1.911000000000000032e+00 -3.485988422290468569e-01 -4.218148315841115381e-01 -4.372384894860716353e-01 -4.220234398804302289e-01 -5.670613580250091212e-01 -6.148007839804353614e-01 -4.736801809319875489e-01 -6.328539867910326633e-01 -6.622965325351574117e-01
1.921000000000000041e+00 -3.508426694736366813e-01 -4.247356112291709174e-01 -4.403057833911055985e-01 -4.248152880862232084e-01 -5.711596217115022522e-01 -6.193339954269359016e-01 -4.768688860313535227e-01 -6.375110256684064503e-01 -6.672398955430829393e-01
1.931000000000000050e+00 -3.530658555227891293e-01 -4.276335388051800690e-01 -4.433498222127053023e-01 -4.275828422790500238e-01 -5.752287219930162232e-01 -6.238365280687201420e-01 -4.800308058274042611e-01 -6.421362847446446809e-01 -6.721507755603478573e-01
1.941000000000000059e+00 -3.552686805350503962e-01 -4.305089107803358739e-01 -4.463709055186763086e-01 -4.303264256434125024e-01 -5.792690214358722223e-01 -6.283087571783040337e-01 -4.831662913599151787e-01 -6.467301513496771515e-01 -6.770295645158221909e-01
1.951000000000000068e+00 -3.574514195728473176e-01 -4.333620183104294199e-01 -4.493693275247033769e-01 -4.330463555435244971e-01 -5.832808762696110039e-01 -6.327510515251073553e-01 -4.862756874018461795e-01 -6.512930061263584314e-01 -6.818766476040657443e-01
1.961000000000000076e+00 -3.596143427188567276e-01 -4.361931473597514541e-01 -4.523453772157727260e-01 -4.357429436554672852e-01 -5.872646365287295112e-01 -6.371637735199174868e-01 -4.893593326007264488e-01 -6.558252231787240483e-01 -6.866924034340100569e-01
1.971000000000000085e+00 -3.617577151891662735e-01 -4.390025788186346367e-01 -4.552993384653454267e-01 -4.384164960956446477e-01 -5.912206461905626931e-01 -6.415472793565484277e-01 -4.924175596161761148e-01 -6.603271702162288870e-01 -6.914772041747472286e-01
1.981000000000000094e+00 -3.638817974433480873e-01 -4.417905886177945218e-01 -4.582314901486296277e-01 -4.410673135458341720e-01 -5.951492433094331957e-01 -6.459019191470289911e-01 -4.954506952537071629e-01 -6.647992086941169054e-01 -6.962314156947555510e-01
1.991000000000000103e+00 -3.659868452915350234e-01 -4.445574478395525886e-01 -4.611421062562588991e-01 -4.436956913747396314e-01 -5.990507601472063737e-01 -6.502280370566779766e-01 -4.984590605949179021e-01 -6.692416939500563933e-01 -7.009553977009183034e-01
2.000999999999999890e+00 -3.680731099985936616e-01 -4.473034228260375222e-01 -4.640314560018681811e-01 -4.463019197563647955e-01 -6.029255233003383285e-01 -6.545259714325404321e-01 -5.014429711241689125e-01 -6.736549753371261495e-01 -7.056495038708190393e-01
2.011000000000000121e+00 -3.701408383854727369e-01 -4.500287752844668865e-01 -4.668998039291478719e-01 -4.488862837851630427e-01 -6.067738538235490919e-01 -6.587960549308164993e-01 -5.044027368519139465e-01 -6.780393963533014601e-01 -7.103140819839458553e-01
2.020999999999999908e+00 -3.721902729278622757e-01 -4.527337623895953955e-01 -4.697474100139726327e-01 -4.514490635880673564e-01 -6.105960673502061065e-01 -6.630386146388560498e-01 -5.073386624347077101e-01 -6.823952947675122616e-01 -7.149494740473817389e-01
2.031000000000000139e+00 -3.742216518521918056e-01 -4.554186368834373111e-01 -4.725745297646002929e-01 -4.539905344336333526e-01 -6.143924742095445701e-01 -6.672539721947579050e-01 -5.102510472920607221e-01 -6.867230027424198191e-01 -7.195560164190074603e-01
2.040999999999999925e+00 -3.762352092290684458e-01 -4.580836471723164216e-01 -4.753814143205101761e-01 -4.565109668381860386e-01 -6.181633795408012499e-01 -6.714424439051417393e-01 -5.131401857202090300e-01 -6.910228469539790863e-01 -7.241340399288117569e-01
2.051000000000000156e+00 -3.782311750642797787e-01 -4.607290374213556805e-01 -4.781683105462191663e-01 -4.590106266692760006e-01 -6.219090834043620175e-01 -6.756043408574484710e-01 -5.160063670029068073e-01 -6.952951487078989912e-01 -7.286838699946461828e-01
2.060999999999999943e+00 -3.802097753873571184e-01 -4.633550476464824985e-01 -4.809354611244278099e-01 -4.614897752463425484e-01 -6.256298808900353503e-01 -6.797399690311267673e-01 -5.188498755193046152e-01 -6.995402240531060079e-01 -7.332058267367961291e-01
2.071000000000000174e+00 -3.821712323378255727e-01 -4.659619138039899355e-01 -4.836831046463540562e-01 -4.639486694387383592e-01 -6.293260622224893241e-01 -6.838496294056001235e-01 -5.216709908490535508e-01 -7.037583838922661927e-01 -7.377002250892521484e-01
2.080999999999999961e+00 -3.841157642492435964e-01 -4.685498678778006187e-01 -4.864114756988716093e-01 -4.663875617613014724e-01 -6.329979128640080832e-01 -6.879336180645939658e-01 -5.244699878746554855e-01 -7.079499340895065718e-01 -7.421673749072802417e-01
2.091000000000000192e+00 -3.860435857309745256e-01 -4.711191379644267263e-01 -4.891208049503706912e-01 -4.688067004673423521e-01 -6.366457136145955431e-01 -6.919922262988227324e-01 -5.272471368812245984e-01 -7.121151755753839518e-01 -7.466075810732749618e-01
2.100999999999999979e+00 -3.879549077479386709e-01 -4.736699483557447188e-01 -4.918113192341981854e-01 -4.712063296393010359e-01 -6.402697407095048199e-01 -6.960257407058276780e-01 -5.300027036536323344e-01 -7.162544044491703232e-01 -7.510211435997004026e-01
2.111000000000000210e+00 -3.898499376982315634e-01 -4.762025196196340571e-01 -4.944832416300604661e-01 -4.735866892770771996e-01 -6.438702659143201723e-01 -7.000344432874252565e-01 -5.327369495712307446e-01 -7.203679120785879686e-01 -7.554083577295751528e-01
2.120999999999999996e+00 -3.917288794888018622e-01 -4.787170686785578999e-01 -4.971367915417926886e-01 -4.759480153840406902e-01 -6.474475566176156605e-01 -7.040186115431330549e-01 -5.354501317001281180e-01 -7.244559851970240327e-01 -7.597695140328685204e-01
2.130999999999999783e+00 -3.935919336091727172e-01 -4.812138088861278029e-01 -4.997721847760568936e-01 -4.782905400509637750e-01 -6.510018759212888861e-01 -7.079785185641803702e-01 -5.381425028831476887e-01 -7.285189059983200321e-01 -7.641048985034230023e-01
2.141000000000000014e+00 -3.954392972033077269e-01 -4.836929501017117605e-01 -5.023896336164130894e-01 -4.806144915377172921e-01 -6.545334827286050094e-01 -7.119144331225273348e-01 -5.408143118275184902e-01 -7.325569522291809355e-01 -7.684147926508221316e-01
2.150999999999999801e+00 -3.972711641396302618e-01 -4.861546987631802930e-01 -5.049893468969595123e-01 -4.829200943530155277e-01 -6.580426318300771626e-01 -7.158266197591280910e-01 -5.434658031903752962e-01 -7.365703972793199439e-01 -7.726994735914406442e-01
2.161000000000000032e+00 -3.990877250793190001e-01 -4.885992579577990158e-01 -5.075715300729609636e-01 -4.852075693320621053e-01 -6.615295739871874803e-01 -7.197153388688327658e-01 -5.460972176620970675e-01 -7.405595102693631748e-01 -7.769592141360809334e-01
2.170999999999999819e+00 -4.008891675428470913e-01 -4.910268274913511810e-01 -5.101363852919413855e-01 -4.874771337123044446e-01 -6.649945560140502199e-01 -7.235808467854538684e-01 -5.487087920476192426e-01 -7.445245561366031772e-01 -7.811942828777111991e-01
2.181000000000000050e+00 -4.026756759748986725e-01 -4.934376039555334881e-01 -5.126841114598699178e-01 -4.897290012073243770e-01 -6.684378208570533886e-01 -7.274233958615881068e-01 -5.513007593456934474e-01 -7.484657957186457988e-01 -7.854049442739080567e-01
2.190999999999999837e+00 -4.044474318076397013e-01 -4.958317807936832300e-01 -5.152149043079180535e-01 -4.919633820788757994e-01 -6.718596076725585897e-01 -7.312432345487248631e-01 -5.538733488262118643e-01 -7.523834858350325616e-01 -7.895914587295335130e-01
2.201000000000000068e+00 -4.062046135224550159e-01 -4.982095483648585899e-01 -5.177289564573552827e-01 -4.941804832071164388e-01 -6.752601519026856236e-01 -7.350406074751794083e-01 -5.564267861056311215e-01 -7.562778793668654131e-01 -7.937540826771734004e-01
2.211000000000000298e+00 -4.079473967101209797e-01 -5.005710940063680114e-01 -5.202264574824987386e-01 -4.963805081591747825e-01 -6.786396853492796533e-01 -7.388157555218024530e-01 -5.589612932205745288e-01 -7.601492253345344396e-01 -7.978930686553226126e-01
2.221000000000000085e+00 -4.096759541295526552e-01 -5.029166020947419824e-01 -5.227075939711171015e-01 -4.985636572560047108e-01 -6.819984362460684846e-01 -7.425689158948559632e-01 -5.614770886995926746e-01 -7.639977689735559796e-01 -8.020086653836577817e-01
2.231000000000000316e+00 -4.113904557650636118e-01 -5.052462541052245015e-01 -5.251725495849570713e-01 -5.007301276376247001e-01 -6.853366293290789057e-01 -7.463003221987407620e-01 -5.639743876332524719e-01 -7.678237518086026281e-01 -8.061011178381366493e-01
2.241000000000000103e+00 -4.130910688822708177e-01 -5.075602286698266408e-01 -5.276215051191394112e-01 -5.028801133267615242e-01 -6.886544859053931322e-01 -7.500102045073260282e-01 -5.664534017424867063e-01 -7.716274117257843068e-01 -8.101706673246411583e-01
2.250999999999999890e+00 -4.147779580826314039e-01 -5.098587016339519717e-01 -5.300546385570062968e-01 -5.050138052909917130e-01 -6.919522239202163805e-01 -7.536987894304584268e-01 -5.689143394453201052e-01 -7.754089830431825092e-01 -8.142175515477538816e-01
2.261000000000000121e+00 -4.164512853566630923e-01 -5.121418461116834520e-01 -5.324721251277594325e-01 -5.071313915033491826e-01 -6.952300580223917947e-01 -7.573663001830311936e-01 -5.713574059220011270e-01 -7.791686965797551823e-01 -8.182420046820511050e-01
2.270999999999999908e+00 -4.181112101358769317e-01 -5.144098325397171712e-01 -5.348741373600801596e-01 -5.092330570014934610e-01 -6.984881996283340833e-01 -7.610129566497624287e-01 -5.737828031785803251e-01 -7.829067797225921499e-01 -8.222442574390632641e-01
2.281000000000000139e+00 -4.197578893434804059e-01 -5.166628287300250033e-01 -5.372608451342528735e-01 -5.113189839455265506e-01 -7.017268569844723469e-01 -7.646389754482603163e-01 -5.761907301089892464e-01 -7.866234564926101180e-01 -8.262245371324693499e-01
2.290999999999999925e+00 -4.213914774438806687e-01 -5.189009999212595980e-01 -5.396324157355779638e-01 -5.133893516743260887e-01 -7.049462352282221955e-01 -7.682445699931212957e-01 -5.785813825556322954e-01 -7.903189476087155718e-01 -8.301830677442920692e-01
2.301000000000000156e+00 -4.230121264909715850e-01 -5.211245088289286898e-01 -5.419890139036915855e-01 -5.154443367606508231e-01 -7.081465364475205693e-01 -7.718299505557230100e-01 -5.809549533685796074e-01 -7.939934705504696488e-01 -8.341200699867442614e-01
2.310999999999999943e+00 -4.246199861753388594e-01 -5.233335156943988986e-01 -5.443308018821451100e-01 -5.174841130648811793e-01 -7.113279597389877695e-01 -7.753953243240442328e-01 -5.833116324633568217e-01 -7.976472396193027281e-01 -8.380357613640551095e-01
2.321000000000000174e+00 -4.262152038703042600e-01 -5.255281783327453438e-01 -5.466579394669279779e-01 -5.195088517875525724e-01 -7.144907012647422340e-01 -7.789408954612161429e-01 -5.856516068773934824e-01 -8.012804659983413513e-01 -8.419303562329996105e-01
2.330999999999999961e+00 -4.277979246769129107e-01 -5.277086521794751572e-01 -5.489705840531240444e-01 -5.215187215206298355e-01 -7.176349543078900384e-01 -7.824668651619901549e-01 -5.879750608251579358e-01 -8.048933578108330433e-01 -8.458040658612940854e-01
2.341000000000000192e+00 -4.293682914678689788e-01 -5.298750903361627573e-01 -5.512688906811130662e-01 -5.235138882975737262e-01 -7.207609093267427491e-01 -7.859734317085540489e-01 -5.902821757520237966e-01 -8.084861201772511885e-01 -8.496570984853110131e-01
2.350999999999999979e+00 -4.309264449304493483e-01 -5.320276436150345178e-01 -5.535530120813998423e-01 -5.254945156422969887e-01 -7.238687540078034832e-01 -7.894607905247597035e-01 -5.925731303868798650e-01 -8.120589552711106052e-01 -8.534896593661682740e-01
2.361000000000000210e+00 -4.324725236084180913e-01 -5.341664605825015011e-01 -5.558230987183124805e-01 -5.274607646169741093e-01 -7.269586733175281701e-01 -7.929291342290396560e-01 -5.948481007935509934e-01 -8.156120623734947062e-01 -8.573019508444614800e-01
2.370999999999999996e+00 -4.340066639429687179e-01 -5.362916876017184142e-01 -5.580792988330022242e-01 -5.294127938686992163e-01 -7.300308495529238551e-01 -7.963786526864199411e-01 -5.971072604210355683e-01 -8.191456379263788445e-01 -8.610941723940743753e-01
2.381000000000000227e+00 -4.355290003127569309e-01 -5.384034688741373698e-01 -5.603217584851664101e-01 -5.313507596752082840e-01 -7.330854623909931478e-01 -7.998095330590809793e-01 -5.993507801525926881e-01 -8.226598755847320810e-01 -8.648665206744846623e-01
2.391000000000000014e+00 -4.370396650729699850e-01 -5.405019464801369411e-01 -5.625506215944315880e-01 -5.332748159893745399e-01 -7.361226889370752202e-01 -8.032219598563878904e-01 -6.015788283537337744e-01 -8.261549662674781969e-01 -8.686191895825187137e-01
2.401000000000000245e+00 -4.385387885935509988e-01 -5.425872604187084169e-01 -5.647660299795875805e-01 -5.351851144828571050e-01 -7.391427037720836868e-01 -8.066161149825947785e-01 -6.037915709191106206e-01 -8.296310982072911955e-01 -8.723523703017459496e-01
2.411000000000000032e+00 -4.400264992965149391e-01 -5.446595486462524338e-01 -5.669681233982430957e-01 -5.370818045886971426e-01 -7.421456789987127545e-01 -8.099921777848066995e-01 -6.059891713183682693e-01 -8.330884569993164401e-01 -8.760662513520875994e-01
2.421000000000000263e+00 -4.415029236924579714e-01 -5.467189471145013080e-01 -5.691570395845008123e-01 -5.389650335429129191e-01 -7.451317842865965435e-01 -8.133503250987793587e-01 -6.081717906409468410e-01 -8.365272256487961133e-01 -8.797610186372486485e-01
2.431000000000000050e+00 -4.429681864162142713e-01 -5.487655898075755045e-01 -5.713329142869836286e-01 -5.408349464252764083e-01 -7.481011869164667649e-01 -8.166907312949092113e-01 -6.103395876399151376e-01 -8.399475846176407412e-01 -8.834368554922978900e-01
2.441000000000000281e+00 -4.444224102617336247e-01 -5.507996087782300876e-01 -5.734958813046201476e-01 -5.426916861990637164e-01 -7.510540518233490559e-01 -8.200135683218279237e-01 -6.124927187747950530e-01 -8.433497118700030715e-01 -8.870939427288256907e-01
2.451000000000000068e+00 -4.458657162161644427e-01 -5.528211341832750536e-01 -5.756460725230281295e-01 -5.445353937499781694e-01 -7.539905416387960857e-01 -8.233190057504314874e-01 -6.146313382534728254e-01 -8.467337829168325447e-01 -8.907324586805044353e-01
2.461000000000000298e+00 -4.472982234931942025e-01 -5.548302943182257252e-01 -5.777836179485219548e-01 -5.463662079241582425e-01 -7.569108167322072811e-01 -8.266072108153752485e-01 -6.167555980731505016e-01 -8.500999708594806359e-01 -8.943525792460982338e-01
2.471000000000000085e+00 -4.487200495656178956e-01 -5.568272156511615556e-01 -5.799086457431282815e-01 -5.481842655655033703e-01 -7.598150352512256234e-01 -8.298783484574414615e-01 -6.188656480604313170e-01 -8.534484464323343067e-01 -8.979544779332974125e-01
2.481000000000000316e+00 -4.501313101972433395e-01 -5.588120228558696168e-01 -5.820212822572875533e-01 -5.499897015519176202e-01 -7.627033531612834594e-01 -8.331325813634334887e-01 -6.209616359104968009e-01 -8.567793780445631668e-01 -9.015383259000662175e-01
2.491000000000000103e+00 -4.515321194740261057e-01 -5.607848388442335796e-01 -5.841216520630874154e-01 -5.517826488310410005e-01 -7.655759242842701262e-01 -8.363700700064622406e-01 -6.230437072254588760e-01 -8.600929318209405983e-01 -9.051042919963560029e-01
2.501000000000000334e+00 -4.529225898345831114e-01 -5.627457847979346894e-01 -5.862098779858222475e-01 -5.535632384549349361e-01 -7.684329003363807864e-01 -8.395909726844251741e-01 -6.251120055518518681e-01 -8.633892716418092306e-01 -9.086525428039777807e-01
2.511000000000000121e+00 -4.543028320999949465e-01 -5.646949801994484153e-01 -5.882860811349669428e-01 -5.553315996142677013e-01 -7.712744309651414776e-01 -8.427954455577564286e-01 -6.271666724173400320e-01 -8.666685591821841061e-01 -9.121832426757242596e-01
2.520999999999999908e+00 -4.556729555029829792e-01 -5.666325428623628646e-01 -5.903503809355197252e-01 -5.570878596715130859e-01 -7.741006637856394645e-01 -8.459836426874151050e-01 -6.292078473666052885e-01 -8.699309539500160726e-01 -9.156965537747049355e-01
2.531000000000000139e+00 -4.570330677164535782e-01 -5.685585889610762500e-01 -5.924028951568860446e-01 -5.588321441936885403e-01 -7.769117444160024144e-01 -8.491557160702865037e-01 -6.312356679964903350e-01 -8.731766133236810168e-01 -9.191926361110696053e-01
2.540999999999999925e+00 -4.583832748813987390e-01 -5.704732330597982459e-01 -5.944437399428312840e-01 -5.605645769841104409e-01 -7.797078165120863158e-01 -8.523118156755243868e-01 -6.332502699903735932e-01 -8.764056925886236638e-01 -9.226716475796488126e-01
2.551000000000000156e+00 -4.597236816342497034e-01 -5.723765881409924594e-01 -5.964730298408752462e-01 -5.622852801137452339e-01 -7.824890218014780574e-01 -8.554520894802123410e-01 -6.352517871518125192e-01 -8.796183449732872806e-01 -9.261337439968857499e-01
2.560999999999999943e+00 -4.610543911335862610e-01 -5.742687656331564305e-01 -5.984908778275738195e-01 -5.639943739517040422e-01 -7.852555001167322857e-01 -8.585766835007816455e-01 -6.372403514374915812e-01 -8.828147216842505696e-01 -9.295790791335126757e-01
2.571000000000000174e+00 -4.623755050863099791e-01 -5.761498754380456333e-01 -6.004973953394887598e-01 -5.656919771950681408e-01 -7.880073894279481239e-01 -8.616857418300202243e-01 -6.392160929894353805e-01 -8.859949719406549073e-01 -9.330078047527823326e-01
2.580999999999999961e+00 -4.636871237732508311e-01 -5.780200259572993993e-01 -6.024926922972184684e-01 -5.673782068983671545e-01 -7.907448258746377912e-01 -8.647794066670025925e-01 -6.411791401665880574e-01 -8.891592430079017229e-01 -9.364200706416063724e-01
2.591000000000000192e+00 -4.649893460742328677e-01 -5.798793241185201675e-01 -6.044768771330081281e-01 -5.690531785019659061e-01 -7.934679437969529570e-01 -8.678578183505031296e-01 -6.431296195756903700e-01 -8.923076802306671995e-01 -9.398160246451570110e-01
2.600999999999999979e+00 -4.662822694925953249e-01 -5.817278754007864094e-01 -6.064500568161506067e-01 -5.707170058603360241e-01 -7.961768757662428531e-01 -8.709211153900847657e-01 -6.450676561015374899e-01 -8.954404270652218667e-01 -9.431958126991143443e-01
2.611000000000000210e+00 -4.675659901792516004e-01 -5.835657838596542968e-01 -6.084123368782284880e-01 -5.723698012693767545e-01 -7.988717526150018733e-01 -8.739694344969144435e-01 -6.469933729365892061e-01 -8.985576251111047075e-01 -9.465595788616328887e-01
2.620999999999999996e+00 -4.688406029561372756e-01 -5.853931521515992609e-01 -6.103638214376394533e-01 -5.740116754933974885e-01 -8.015527034661719119e-01 -8.770029106137698927e-01 -6.489068916099797191e-01 -9.016594141421206965e-01 -9.499074653444645744e-01
2.631000000000000227e+00 -4.701062013392997563e-01 -5.872100815579974764e-01 -6.123046132244203132e-01 -5.756427377913838628e-01 -8.042198557618741583e-01 -8.800216769452320342e-01 -6.508083320159030460e-01 -9.047459321367414820e-01 -9.532396125442571533e-01
2.641000000000000014e+00 -4.713628775613921129e-01 -5.890166720085596719e-01 -6.142348136026215544e-01 -5.772630959428027841e-01 -8.068733352915268275e-01 -8.830258649853233166e-01 -6.526978124414545279e-01 -9.078173153078582525e-01 -9.565561590712812201e-01
2.651000000000000245e+00 -4.726107225937822842e-01 -5.908130221043271790e-01 -6.161545225943231285e-01 -5.788728562728544524e-01 -8.095132662194131079e-01 -8.860156045467058039e-01 -6.545754495938510553e-01 -9.108736981319550674e-01 -9.598572417796845668e-01
2.661000000000000032e+00 -4.738498261681421408e-01 -5.925992291401527279e-01 -6.180638389021133605e-01 -5.804721236772044657e-01 -8.121397711116640217e-01 -8.889910237882280297e-01 -6.564413586271311551e-01 -9.139152133776754505e-01 -9.631429957960948585e-01
2.671000000000000263e+00 -4.750802767976516350e-01 -5.943753891267505862e-01 -6.199628599314602750e-01 -5.820610016462066660e-01 -8.147529709627183703e-01 -8.919522492422781168e-01 -6.582956531682947476e-01 -9.169419921338304302e-01 -9.664135545479962675e-01
2.681000000000000050e+00 -4.763021617977208355e-01 -5.961415968122860676e-01 -6.218516818122731271e-01 -5.836395922886263854e-01 -8.173529852212397806e-01 -8.948994058412351738e-01 -6.601384453429072208e-01 -9.199541638368411434e-01 -9.696690497911926165e-01
2.691000000000000281e+00 -4.775155673062976835e-01 -5.978979457035075162e-01 -6.237303994203805546e-01 -5.852079963549186026e-01 -8.199399318155015104e-01 -8.978326169437500504e-01 -6.619698458002050145e-01 -9.229518562976197771e-01 -9.729096116370776759e-01
2.701000000000000068e+00 -4.787205783037818407e-01 -5.996445280864868277e-01 -6.255991063981435341e-01 -5.867663132599121312e-01 -8.225139271782921924e-01 -9.007520043600610871e-01 -6.637899637376666329e-01 -9.259351957279473577e-01 -9.761353685789377899e-01
2.711000000000000298e+00 -4.799172786325130446e-01 -6.013814350469044445e-01 -6.274578951750864331e-01 -5.883146411053412628e-01 -8.250750862712932232e-01 -9.036576883772560187e-01 -6.655989069251202483e-01 -9.289043067663012021e-01 -9.793464475181600237e-01
2.721000000000000085e+00 -4.811057510158913142e-01 -6.031087564899514364e-01 -6.293068569880180263e-01 -5.898530767013513421e-01 -8.276235226089985186e-01 -9.065497877839322483e-01 -6.673967817283301684e-01 -9.318593125031847668e-01 -9.825429737898433435e-01
2.731000000000000316e+00 -4.822860770770600602e-01 -6.048265811598022568e-01 -6.311460819006775580e-01 -5.913817155883066556e-01 -8.301593482821326697e-01 -9.094284198942961250e-01 -6.691836931321513138e-01 -9.348003345059547886e-01 -9.857250711878250415e-01
2.741000000000000103e+00 -4.834583373572644005e-01 -6.065349966587355590e-01 -6.329756588228971914e-01 -5.929006520575473838e-01 -8.326826739806367783e-01 -9.122937005717099979e-01 -6.709597447632108524e-01 -9.377274928431715839e-01 -9.888928619891338423e-01
2.751000000000000334e+00 -4.846226113338284458e-01 -6.082340894658464503e-01 -6.347956755291496167e-01 -5.944099791720233172e-01 -8.351936090161855564e-01 -9.151457442515342766e-01 -6.727250389121086638e-01 -9.406409061084669565e-01 -9.920464669777304678e-01
2.761000000000000121e+00 -4.857789774377618830e-01 -6.099239449553998105e-01 -6.366062186783616461e-01 -5.959097887865428822e-01 -8.376922613442676635e-01 -9.179846639651570994e-01 -6.744796765552310003e-01 -9.435406914439488091e-01 -9.951860054694221525e-01
2.770999999999999908e+00 -4.869275130710263300e-01 -6.116046474148082446e-01 -6.384073738298265965e-01 -5.974001715672522250e-01 -8.401787375858265072e-01 -9.208105713600608366e-01 -6.762237573760948584e-01 -9.464269645631506744e-01 -9.983115953327886816e-01
2.781000000000000139e+00 -4.880682946234433661e-01 -6.132762800622585386e-01 -6.401992254628799950e-01 -5.988812170117328026e-01 -8.426531430484912599e-01 -9.236235767235633221e-01 -6.779573797862942230e-01 -9.492998397735334937e-01 -1.001423353013776385e+00
2.790999999999999925e+00 -4.892013974892914785e-01 -6.149389250640063809e-01 -6.419818569939028663e-01 -6.003530134669955443e-01 -8.451155817473935405e-01 -9.264237890038224954e-01 -6.796806409460225407e-01 -9.521594299985727261e-01 -1.004521393557541220e+00
2.801000000000000156e+00 -4.903268960835891477e-01 -6.165926635513280241e-01 -6.437553507930203756e-01 -6.018156481489401743e-01 -8.475661564255910774e-01 -9.292113158304582399e-01 -6.813936367842083897e-01 -9.550058467994136935e-01 -1.007605830629894950e+00
2.810999999999999943e+00 -4.914448638579766993e-01 -6.182375756371059072e-01 -6.455197882007722709e-01 -6.032692071601042372e-01 -8.500049685740653782e-01 -9.319862635350902869e-01 -6.830964620182489178e-01 -9.578392003960868317e-01 -1.010676776538649291e+00
2.821000000000000174e+00 -4.925553733164072523e-01 -6.198737404321524869e-01 -6.472752495446486565e-01 -6.047137755079753374e-01 -8.524321184513833360e-01 -9.347487371716545201e-01 -6.847892101733644710e-01 -9.606595996883698918e-01 -1.013734342254730914e+00
2.830999999999999961e+00 -4.936584960304068459e-01 -6.215012360611645859e-01 -6.490218141562232868e-01 -6.061494371222653221e-01 -8.548477051029442775e-01 -9.374988405372706168e-01 -6.864719736016021701e-01 -9.634671522762066065e-01 -1.016778637433830346e+00
2.841000000000000192e+00 -4.947543026541867395e-01 -6.231201396783914159e-01 -6.507595603849964938e-01 -6.075762748720964224e-01 -8.572518263798744043e-01 -9.402366761897321679e-01 -6.881448435004029474e-01 -9.662619644797627583e-01 -1.019809770434663143e+00
2.850999999999999979e+00 -4.958428629392812592e-01 -6.247305274830072808e-01 -6.524885656157065617e-01 -6.089943705832078225e-01 -8.596445789575698493e-01 -9.429623454684249451e-01 -6.898079099309338824e-01 -9.690441413591077691e-01 -1.022827848340644996e+00
2.861000000000000210e+00 -4.969242457490718468e-01 -6.263324747341764143e-01 -6.542089062825270362e-01 -6.104038050542345273e-01 -8.620260583538801313e-01 -9.456759485120507236e-01 -6.914612618359322616e-01 -9.718137867335102653e-01 -1.025832976978360955e+00
2.870999999999999996e+00 -4.979985190729199762e-01 -6.279260557658362663e-01 -6.559206578840687252e-01 -6.118046580730546191e-01 -8.643963589469487729e-01 -9.483775842770993947e-01 -6.931049870573168237e-01 -9.745710032003911394e-01 -1.028825260936771624e+00
2.881000000000000227e+00 -4.990657500400856317e-01 -6.295113440011911310e-01 -6.576238949984043458e-01 -6.131970084327439396e-01 -8.667555739927189640e-01 -9.510673505562907692e-01 -6.947391723534133146e-01 -9.773158921539011335e-01 -1.031804803586372055e+00
2.891000000000000014e+00 -5.001260049333535740e-01 -6.310884119669503134e-01 -6.593186912970478986e-01 -6.145809339470270638e-01 -8.691037956421240329e-01 -9.537453439959036050e-01 -6.963639034158649599e-01 -9.800485538031827870e-01 -1.034771707097236426e+00
2.901000000000000245e+00 -5.011793492024225749e-01 -6.326573313072628713e-01 -6.610051195594303097e-01 -6.159565114661676999e-01 -8.714411149579270877e-01 -9.564116601135467244e-01 -6.979792648862183091e-01 -9.827690871902556857e-01 -1.037726072457480164e+00
2.911000000000000032e+00 -5.022258474769946135e-01 -6.342181727974274263e-01 -6.626832516857396049e-01 -6.173238168911049373e-01 -8.737676219312885406e-01 -9.590663933142413722e-01 -6.995853403722248620e-01 -9.854775902076127192e-01 -1.040667999490033191e+00
2.921000000000000263e+00 -5.032655635796954297e-01 -6.357710063573180914e-01 -6.643531587116378034e-01 -6.186829251892953518e-01 -8.760834054979868002e-01 -9.617096369083166785e-01 -7.011822124637938636e-01 -9.881741596154609564e-01 -1.043597586871211957e+00
2.931000000000000050e+00 -5.042985605386441916e-01 -6.373159010645618183e-01 -6.660149108214844516e-01 -6.200339104082608355e-01 -8.783885535543659584e-01 -9.643414831277722365e-01 -7.027699627486931888e-01 -9.908588910586579868e-01 -1.046514932147742716e+00
2.941000000000000281e+00 -5.053249005999148613e-01 -6.388529251674840426e-01 -6.676685773601480633e-01 -6.213768456902540871e-01 -8.806831529729818309e-01 -9.669620231411578670e-01 -7.043486718279003966e-01 -9.935318790833439495e-01 -1.049420131752298202e+00
2.951000000000000068e+00 -5.063446452396392905e-01 -6.403821460977957569e-01 -6.693142268471002909e-01 -6.227118032863890873e-01 -8.829672896179523445e-01 -9.695713470706986969e-01 -7.059184193307407318e-01 -9.961932171532603686e-01 -1.052313281021267199e+00
2.961000000000000298e+00 -5.073578551759719835e-01 -6.419036304830639805e-01 -6.709519269884925974e-01 -6.240388545696914369e-01 -8.852410483600517965e-01 -9.721695440073432337e-01 -7.074792839296848435e-01 -9.988429976657878795e-01 -1.055194474210435107e+00
2.971000000000000085e+00 -5.083645903807856303e-01 -6.434174441589188831e-01 -6.725817446892917717e-01 -6.253580700497735068e-01 -8.875045130914867020e-01 -9.747567020258277593e-01 -7.090313433549153554e-01 -1.001481311967661769e+00 -1.058063804510670947e+00
2.981000000000000316e+00 -5.093649100911764593e-01 -6.449236521810826073e-01 -6.742037460662246851e-01 -6.266695193836763211e-01 -8.897577667404570345e-01 -9.773329082004914570e-01 -7.105746744085805755e-01 -1.004108250370453037e+00 -1.060921364064359995e+00
2.991000000000000103e+00 -5.103588728207346659e-01 -6.464223188371372997e-01 -6.758179964585925292e-01 -6.279732713922416831e-01 -8.920008912854103800e-01 -9.798982486189250496e-01 -7.121093529788440346e-01 -1.006723902165724827e+00 -1.063767243979650834e+00
3.001000000000000334e+00 -5.113465363706110045e-01 -6.479135076580916364e-01 -6.774245604400525034e-01 -6.292693940695586186e-01 -8.942339677690565036e-01 -9.824528083965293757e-01 -7.136354540536273827e-01 -1.009328355639940833e+00 -1.066601534345613889e+00
3.011000000000000121e+00 -5.123279578404028589e-01 -6.493972814297351848e-01 -6.790235018314659809e-01 -6.305579545970186883e-01 -8.964570763121280095e-01 -9.849966716921007004e-01 -7.151530517341480042e-01 -1.011921698089102817e+00 -1.069424324248410496e+00
3.020999999999999908e+00 -5.133031936388187111e-01 -6.508737022038065811e-01 -6.806148837099529336e-01 -6.318390193561982393e-01 -8.986702961269065204e-01 -9.875299217195732115e-01 -7.166622192481498788e-01 -1.014504015833137984e+00 -1.072235701783611717e+00
3.031000000000000139e+00 -5.142722994941550940e-01 -6.523428313089101316e-01 -6.821987684220424120e-01 -6.331126539386472407e-01 -9.008737055304729680e-01 -9.900526407638180482e-01 -7.181630289629518105e-01 -1.017075394230001706e+00 -1.075035754072562799e+00
3.040999999999999925e+00 -5.152353304645317378e-01 -6.538047293612814226e-01 -6.837752175931843812e-01 -6.343789231607669388e-01 -9.030673819577581529e-01 -9.925649101927592755e-01 -7.196555523982797187e-01 -1.019635917689563076e+00 -1.077824567275061485e+00
3.051000000000000156e+00 -5.161923409481204983e-01 -6.552594562753434326e-01 -6.853442921386596609e-01 -6.356378910723260445e-01 -9.052514019743437279e-01 -9.950668104708384476e-01 -7.211398602387263379e-01 -1.022185669687228460e+00 -1.080602226603370575e+00
3.060999999999999943e+00 -5.171433846928453759e-01 -6.567070712740684657e-01 -6.869060522744125930e-01 -6.368896209704498768e-01 -9.074258412890459091e-01 -9.975584211723729222e-01 -7.226160223462445575e-01 -1.024724732777335001e+00 -1.083368816336116369e+00
3.071000000000000174e+00 -5.180885148063671952e-01 -6.581476328991594515e-01 -6.884605575268695210e-01 -6.381341754082145989e-01 -9.095907747662608234e-01 -1.000039820993847028e+00 -7.240841077721027474e-01 -1.027253188606299661e+00 -1.086124419831116850e+00
3.080999999999999961e+00 -5.190277837654392323e-01 -6.595811990210337372e-01 -6.900078667434123014e-01 -6.393716162076401588e-01 -9.117462764380990237e-01 -1.002511087766822406e+00 -7.255441847688950396e-01 -1.029771117925533774e+00 -1.088869119538814045e+00
3.091000000000000192e+00 -5.199612434253957360e-01 -6.610078268486671016e-01 -6.915480381023741963e-01 -6.406020044710050154e-01 -9.138924195163334874e-01 -1.004972298470341974e+00 -7.269963208022165446e-01 -1.032278600604162655e+00 -1.091602997015196364e+00
3.100999999999999979e+00 -5.208889450293692214e-01 -6.624275729392250511e-01 -6.930811291213855307e-01 -6.418254005902568338e-01 -9.160292764040960378e-01 -1.007423529241622262e+00 -7.284405825621058650e-01 -1.034775715641491400e+00 -1.094326132933000073e+00
3.111000000000000210e+00 -5.218109392173081451e-01 -6.638404932075321341e-01 -6.946071966694911115e-01 -6.430418642524172723e-01 -9.181569187073939098e-01 -1.009864855390504967e+00 -7.298770359743644853e-01 -1.037262541179266195e+00 -1.097038607096661345e+00
3.120999999999999996e+00 -5.227272760348918856e-01 -6.652466429353953714e-01 -6.961262969744644868e-01 -6.442514544659809772e-01 -9.202754172464279181e-01 -1.012296351409046835e+00 -7.313057462116261398e-01 -1.039739154513730224e+00 -1.099740498452401738e+00
3.131000000000000227e+00 -5.236380049422805216e-01 -6.666460767807329546e-01 -6.976384856322820349e-01 -6.454542295478101765e-01 -9.223848420667056791e-01 -1.014718090983249388e+00 -7.327267777043198205e-01 -1.042205632107469304e+00 -1.102431885100445319e+00
3.141000000000000014e+00 -5.245431748227484814e-01 -6.680388487865709379e-01 -6.991438176176395514e-01 -6.466502471620881876e-01 -9.244852624499695359e-01 -1.017130147005785412e+00 -7.341401941511865870e-01 -1.044662049601049469e+00 -1.105112844308221876e+00
3.151000000000000245e+00 -5.254428339910002244e-01 -6.694250123898654037e-01 -7.006423472906809780e-01 -6.478395642454143344e-01 -9.265767469249348576e-01 -1.019532591584907832e+00 -7.355460585299281595e-01 -1.047108481824466031e+00 -1.107783452519749190e+00
3.161000000000000032e+00 -5.263370302007331913e-01 -6.708046204301696402e-01 -7.021341284074690270e-01 -6.490222384619042106e-01 -9.286593632778324947e-01 -1.021925496057062510e+00 -7.369444331083457866e-01 -1.049545002808379923e+00 -1.110443785368709246e+00
3.171000000000000263e+00 -5.272258106561168445e-01 -6.721777251581677604e-01 -7.036192141284117740e-01 -6.501983217677330673e-01 -9.307331785627966925e-01 -1.024308930997424483e+00 -7.383353794505992385e-01 -1.051971685795187739e+00 -1.113093917689447654e+00
3.181000000000000050e+00 -5.281092220137799664e-01 -6.735443782440427851e-01 -7.050976570253720821e-01 -6.513678729419587476e-01 -9.327982591120512756e-01 -1.026682966229087501e+00 -7.397189584350378766e-01 -1.054388603249882594e+00 -1.115733923526608384e+00
3.191000000000000281e+00 -5.289873103963365075e-01 -6.749046307857103910e-01 -7.065695090915318222e-01 -6.525309451592608001e-01 -9.348546705459336303e-01 -1.029047670834969841e+00 -7.410952302557390903e-01 -1.056795826870745136e+00 -1.118363876147486557e+00
3.201000000000000068e+00 -5.298601213972544688e-01 -6.762585333169029989e-01 -7.080348217489947915e-01 -6.536875922865857946e-01 -9.369024777827471562e-01 -1.031403113167434382e+00 -7.424642544365236407e-01 -1.059193427599846249e+00 -1.120983848052088394e+00
3.211000000000000298e+00 -5.307277000891865715e-01 -6.776061358151288516e-01 -7.094936458562766113e-01 -6.548378675460049259e-01 -9.389417450484518479e-01 -1.033749360857754374e+00 -7.438260898396986676e-01 -1.061581475633383453e+00 -1.123593910983026856e+00
3.221000000000000085e+00 -5.315900910312656436e-01 -6.789474877094795469e-01 -7.109460317174539634e-01 -6.559818235679955034e-01 -9.409725358861822375e-01 -1.036086480827217882e+00 -7.451807946750663714e-01 -1.063960040431835008e+00 -1.126194135937051755e+00
3.231000000000000316e+00 -5.324473382763910134e-01 -6.802826378883167768e-01 -7.123920290879690587e-01 -6.571195123884973066e-01 -9.429949131656157890e-01 -1.038414539294852501e+00 -7.465284265092826388e-01 -1.066329190729953469e+00 -1.128784593173193684e+00
3.241000000000000103e+00 -5.332994853786207079e-01 -6.816116347068151837e-01 -7.138316871847879552e-01 -6.582509854728925136e-01 -9.450089390921725396e-01 -1.040733601789471718e+00 -7.478690422747159561e-01 -1.068688994546577620e+00 -1.131365352225223830e+00
3.251000000000000334e+00 -5.341465754001537558e-01 -6.829345259943924162e-01 -7.152650546913164042e-01 -6.593762937083836873e-01 -9.470146752160739645e-01 -1.043043733156460817e+00 -7.492026982783798195e-01 -1.071039519194305623e+00 -1.133936481908843996e+00
3.261000000000000121e+00 -5.349886509181978056e-01 -6.842513590620035169e-01 -7.166921797669090211e-01 -6.604954874248317731e-01 -9.490121824412435236e-01 -1.045344997569110923e+00 -7.505294502106022447e-01 -1.073380831288987425e+00 -1.136498050333428766e+00
3.271000000000000352e+00 -5.358257540320322532e-01 -6.855621807093197351e-01 -7.181131100528158617e-01 -6.616086163888361682e-01 -9.510015210340675429e-01 -1.047637458536379462e+00 -7.518493531535769270e-01 -1.075712996759077944e+00 -1.139050124910170991e+00
3.281000000000000139e+00 -5.366579263694932767e-01 -6.868670372317704498e-01 -7.195278926794190788e-01 -6.627157298240458072e-01 -9.529827506319872299e-01 -1.049921178911897179e+00 -7.531624615897808406e-01 -1.078036080854812395e+00 -1.141592772361490482e+00
3.290999999999999925e+00 -5.374852090937444204e-01 -6.881659744274929436e-01 -7.209365742740827532e-01 -6.638168764112447606e-01 -9.549559302519882165e-01 -1.052196220903578672e+00 -7.544688294102135373e-01 -1.080350148157262602e+00 -1.144126058731016693e+00
3.301000000000000156e+00 -5.383076429096541604e-01 -6.894590376041478397e-01 -7.223392009669008518e-01 -6.649121042990130404e-01 -9.569211182989196818e-01 -1.054462646081087751e+00 -7.557685099225800451e-01 -1.082655262587225664e+00 -1.146650049391442661e+00
3.310999999999999943e+00 -5.391252680703599864e-01 -6.907462715856250712e-01 -7.237358183985594939e-01 -6.660014611093200143e-01 -9.588783725736875763e-01 -1.056720515385404013e+00 -7.570615558591908822e-01 -1.084951487413970073e+00 -1.149164809054456393e+00
3.321000000000000174e+00 -5.399381243833631938e-01 -6.920277207186342761e-01 -7.251264717256268311e-01 -6.670849939463778799e-01 -9.608277502813098447e-01 -1.058969889135782605e+00 -7.583480193849269080e-01 -1.087238885263841714e+00 -1.151670401778075448e+00
3.330999999999999961e+00 -5.407462512167977575e-01 -6.933034288792019328e-01 -7.265112056289197984e-01 -6.681627494028496983e-01 -9.627693080388498581e-01 -1.061210827039774873e+00 -7.596279521049170702e-01 -1.089517518128735318e+00 -1.154166890977023963e+00
3.341000000000000192e+00 -5.415496875055405557e-01 -6.945734394790423760e-01 -7.278900643184563757e-01 -6.692347735672374842e-01 -9.647031018832149529e-01 -1.063443388199798001e+00 -7.609014050721268907e-01 -1.091787447374425124e+00 -1.156654339429665557e+00
3.350999999999999979e+00 -5.423484717571166458e-01 -6.958377954718316660e-01 -7.292630915401467906e-01 -6.703011120299960934e-01 -9.666291872788188577e-01 -1.065667631121428593e+00 -7.621684287948755632e-01 -1.094048733748756774e+00 -1.159132809286646193e+00
3.361000000000000210e+00 -5.431426420575753422e-01 -6.970965393593833159e-01 -7.306303305826046257e-01 -6.713618098914113652e-01 -9.685476191251422007e-01 -1.067883613721795077e+00 -7.634290732441876282e-01 -1.096301437389717082e+00 -1.161602362079630746e+00
3.370999999999999996e+00 -5.439322360773473086e-01 -6.983497131977248751e-01 -7.319918242824208221e-01 -6.724169117674979601e-01 -9.704584517641610120e-01 -1.070091393336395580e+00 -7.646833878609960999e-01 -1.098545617833381005e+00 -1.164063058728472821e+00
3.381000000000000227e+00 -5.447172910768334209e-01 -6.995973586030449498e-01 -7.333476150308950725e-01 -6.734664617965289146e-01 -9.723617389876340056e-01 -1.072291026727366425e+00 -7.659314215633041822e-01 -1.100781334021694757e+00 -1.166514959549809660e+00
3.391000000000000014e+00 -5.454978439120682365e-01 -7.008395167575969253e-01 -7.346977447798298533e-01 -6.745105036462704096e-01 -9.742575340443161425e-01 -1.074482570090779632e+00 -7.671732227531528059e-01 -1.103008644310192299e+00 -1.168958124264702247e+00
3.401000000000000245e+00 -5.462739310401388826e-01 -7.020762284154699051e-01 -7.360422550467583536e-01 -6.755490805192324588e-01 -9.761458896470337487e-01 -1.076666079063358428e+00 -7.684088393235507519e-01 -1.105227606475551294e+00 -1.171392612005671019e+00
3.411000000000000032e+00 -5.470455885246929828e-01 -7.033075339082542898e-01 -7.373811869215024517e-01 -6.765822351598577145e-01 -9.780268579796218553e-01 -1.078841608730495505e+00 -7.696383186652103747e-01 -1.107438277723020059e+00 -1.173818481325046958e+00
3.421000000000000263e+00 -5.478128520411634783e-01 -7.045334731506650572e-01 -7.387145810714471628e-01 -6.776100098599051602e-01 -9.799004907038108003e-01 -1.081009213632974308e+00 -7.708617076732326989e-01 -1.109640714693773011e+00 -1.176235790202003972e+00
3.431000000000000050e+00 -5.485757568820710528e-01 -7.057540856460264855e-01 -7.400424777473206817e-01 -6.786324464650904664e-01 -9.817668389659472972e-01 -1.083168947774166835e+00 -7.720790527537002568e-01 -1.111834973472103139e+00 -1.178644596050075988e+00
3.441000000000000281e+00 -5.493343379621408173e-01 -7.069694104916981470e-01 -7.413649167881815050e-01 -6.796495863806349957e-01 -9.836259534036481122e-01 -1.085320864626423187e+00 -7.732903998300888482e-01 -1.114021109592538306e+00 -1.181044955723855594e+00
3.451000000000000068e+00 -5.500886298233776950e-01 -7.081794863843932086e-01 -7.426819376272550954e-01 -6.806614705773113005e-01 -9.854778841523147426e-01 -1.087465017138288470e+00 -7.744957943496373343e-01 -1.116199178046810792e+00 -1.183436925526517358e+00
3.461000000000000298e+00 -5.508386666400311160e-01 -7.093843516254446646e-01 -7.439935792967585781e-01 -6.816681395969644841e-01 -9.873226808515923603e-01 -1.089601457740685619e+00 -7.756952812896267258e-01 -1.118369233290763765e+00 -1.185820561216305524e+00
3.471000000000000085e+00 -5.515844822235329570e-01 -7.105840441259336782e-01 -7.452998804341258721e-01 -6.826696335584974129e-01 -9.891603926516675527e-01 -1.091730238354484239e+00 -7.768889051634928489e-01 -1.120531329251094554e+00 -1.188195918014395280e+00
3.481000000000000316e+00 -5.523261100273059165e-01 -7.117786014118024918e-01 -7.466008792858664922e-01 -6.836659921630457992e-01 -9.909910682195304243e-01 -1.093851410395682899e+00 -7.780767100269206926e-01 -1.122685519332053961e+00 -1.190563050610374818e+00
3.491000000000000103e+00 -5.530635831514878475e-01 -7.129680606288286704e-01 -7.478966137134090975e-01 -6.846572546999748488e-01 -9.928147557450870409e-01 -1.095965024782549202e+00 -7.792587394837854342e-01 -1.124831856421985243e+00 -1.192922013169669393e+00
3.501000000000000334e+00 -5.537969343476671913e-01 -7.141524585475615972e-01 -7.491871211977104705e-01 -6.856434600518267475e-01 -9.946315029472132530e-01 -1.098071131941519951e+00 -7.804350366920134174e-01 -1.126970392899810935e+00 -1.195272859339734817e+00
3.511000000000000121e+00 -5.545261960234083576e-01 -7.153318315681541639e-01 -7.504724388449240946e-01 -6.866246466997678599e-01 -9.964413570796950559e-01 -1.100169781814131831e+00 -7.816056443693717437e-01 -1.129101180641381985e+00 -1.197615642257263247e+00
3.521000000000000352e+00 -5.552514002468290633e-01 -7.165062157251400610e-01 -7.517526033896362314e-01 -6.876008527288094418e-01 -9.982443649370874583e-01 -1.102261023861505818e+00 -7.827706047991607186e-01 -1.131224271025760952e+00 -1.199950414552950262e+00
3.531000000000000139e+00 -5.559725787510296779e-01 -7.176756466921169197e-01 -7.530276512012722412e-01 -6.885721158330752045e-01 -1.000040572860470878e+00 -1.104344907071984405e+00 -7.839299598357877263e-01 -1.133339714941379084e+00 -1.202277228359404981e+00
3.540999999999999925e+00 -5.566897629384939261e-01 -7.188401597863691705e-01 -7.542976182878542435e-01 -6.895384733207008399e-01 -1.001830026743135926e+00 -1.106421479966106070e+00 -7.850837509102773781e-01 -1.135447562792124554e+00 -1.204596135316394756e+00
3.551000000000000156e+00 -5.574029838853840069e-01 -7.199997899734165152e-01 -7.555625403009248453e-01 -6.904999621187397629e-01 -1.003612772036166945e+00 -1.108490790602716825e+00 -7.862320190357283689e-01 -1.137547864503325457e+00 -1.206907186577227176e+00
3.560999999999999943e+00 -5.581122723457946355e-01 -7.211545718715014486e-01 -7.568224525395033098e-01 -6.914566187784072504e-01 -1.005388853753959033e+00 -1.110552886584112775e+00 -7.873748048126123500e-01 -1.139640669527658190e+00 -1.209210432814151970e+00
3.571000000000000174e+00 -5.588176587559576802e-01 -7.223045397559727521e-01 -7.580773899555184325e-01 -6.924084794796558917e-01 -1.007158316479616733e+00 -1.112607815062636174e+00 -7.885121484340464892e-01 -1.141726026850928610e+00 -1.211505924225220188e+00
3.580999999999999961e+00 -5.595191732383090200e-01 -7.234497275636457836e-01 -7.593273871577420620e-01 -6.933555800358918164e-01 -1.008921204370307745e+00 -1.114655622745747587e+00 -7.896440896909837637e-01 -1.143803984997811884e+00 -1.213793710539613269e+00
3.591000000000000192e+00 -5.602168456055980350e-01 -7.245901688970731724e-01 -7.605724784152312345e-01 -6.942979558989086364e-01 -1.010677561162524052e+00 -1.116696355900608895e+00 -7.907706679772810165e-01 -1.145874592037485096e+00 -1.216073841022477620e+00
3.600999999999999979e+00 -5.609107053648265673e-01 -7.257258970287464583e-01 -7.618126976630857916e-01 -6.952356421631176175e-01 -1.012427430177246901e+00 -1.118730060360950906e+00 -7.918919222947434777e-01 -1.147937895589167479e+00 -1.218346364482042476e+00
3.611000000000000210e+00 -5.616007817212008701e-01 -7.268569449052415532e-01 -7.630480785058678661e-01 -6.961686735704346596e-01 -1.014170854325053384e+00 -1.120756781531589086e+00 -7.930078912580559303e-01 -1.149993942827591598e+00 -1.220611329274384538e+00
3.620999999999999996e+00 -5.622871035819920760e-01 -7.279833451512993658e-01 -7.642786542219220935e-01 -6.970970845145818551e-01 -1.015907876111141972e+00 -1.122776564393837218e+00 -7.941186130996404913e-01 -1.152042780488387264e+00 -1.222868783309081886e+00
3.631000000000000227e+00 -5.629696995603525878e-01 -7.291051300738555785e-01 -7.655044577664863459e-01 -6.980209090456126475e-01 -1.017638537640287222e+00 -1.124789453509676518e+00 -7.952241256744717601e-01 -1.154084454873396615e+00 -1.225118774053626236e+00
3.641000000000000014e+00 -5.636485979790407663e-01 -7.302223316659729457e-01 -7.667255217773636389e-01 -6.989401808739936772e-01 -1.019362880621695666e+00 -1.126795493028494022e+00 -7.963244664647699533e-01 -1.156119011855881507e+00 -1.227361348540397801e+00
3.651000000000000245e+00 -5.643238268741489483e-01 -7.313349816107608259e-01 -7.679418785779069667e-01 -6.998549333751443724e-01 -1.021080946373829068e+00 -1.128794726691100259e+00 -7.974196725846703915e-01 -1.158146496885689603e+00 -1.229596553370913448e+00
3.661000000000000032e+00 -5.649954139986974599e-01 -7.324431112852093362e-01 -7.691535601804685429e-01 -7.007651995935191280e-01 -1.022792775829123757e+00 -1.130787197834204560e+00 -7.985097807847940654e-01 -1.160166954994322097e+00 -1.231824434720540040e+00
3.671000000000000263e+00 -5.656633868262382903e-01 -7.335467517639625568e-01 -7.703605982913664940e-01 -7.016710122467182398e-01 -1.024498409538654675e+00 -1.132772949396398054e+00 -7.995948274567568070e-01 -1.162180430799932829e+00 -1.234045038344699030e+00
3.681000000000000050e+00 -5.663277725543838237e-01 -7.346459338230497682e-01 -7.715630243136941679e-01 -7.025724037296728897e-01 -1.026197887676728593e+00 -1.134752023921962394e+00 -8.006748486376075169e-01 -1.164186968512253006e+00 -1.236258409582903006e+00
3.691000000000000281e+00 -5.669885981082536386e-01 -7.357406879435580693e-01 -7.727608693515489735e-01 -7.034694061184646463e-01 -1.027891250045412486e+00 -1.136724463566076038e+00 -8.017498800142178750e-01 -1.166186611937455098e+00 -1.238464593364184907e+00
3.701000000000000068e+00 -5.676458901439283000e-01 -7.368310443152233935e-01 -7.739541642133577204e-01 -7.043620511745580792e-01 -1.029578536078974205e+00 -1.138690310099121028e+00 -8.028199569275685787e-01 -1.168179404482911687e+00 -1.240663634211620403e+00
3.711000000000000298e+00 -5.682996750517765872e-01 -7.379170328400315171e-01 -7.751429394157831609e-01 -7.052503703484412911e-01 -1.031259784848308492e+00 -1.140649604911541770e+00 -8.038851143770298080e-01 -1.170165389161946345e+00 -1.242855576247409610e+00
3.721000000000000085e+00 -5.689499789598091439e-01 -7.389986831356849528e-01 -7.763272251867476825e-01 -7.061343947836032919e-01 -1.032935035065232210e+00 -1.142602389017815856e+00 -8.049453870245061315e-01 -1.172144608598446824e+00 -1.245040463197054637e+00
3.731000000000000316e+00 -5.695968277369228838e-01 -7.400760245390823888e-01 -7.775070514699331525e-01 -7.070141553202758944e-01 -1.034604325086772914e+00 -1.144548703061890160e+00 -8.060008091985848555e-01 -1.174117105031459607e+00 -1.247218338395011061e+00
3.741000000000000103e+00 -5.702402469961268539e-01 -7.411490861097065341e-01 -7.786824479271007293e-01 -7.078896824991639525e-01 -1.036267692919355721e+00 -1.146488587320416697e+00 -8.070514148985903358e-01 -1.176082920319694081e+00 -1.249389244788131181e+00
3.751000000000000334e+00 -5.708802620977133646e-01 -7.422178966329997518e-01 -7.798534439420813369e-01 -7.087610065651175351e-01 -1.037925176222966428e+00 -1.148422081707656695e+00 -8.080972377985757849e-01 -1.178042095945984746e+00 -1.251553224940773035e+00
3.761000000000000121e+00 -5.715168981523808256e-01 -7.432824846236477656e-01 -7.810200686240114099e-01 -7.096281574707589135e-01 -1.039576812315213594e+00 -1.150349225779607076e+00 -8.091383112512740006e-01 -1.179994673021654394e+00 -1.253710321039130271e+00
3.771000000000000352e+00 -5.721501800243053992e-01 -7.443428783288474904e-01 -7.821823508106123812e-01 -7.104911648800036339e-01 -1.041222638175371973e+00 -1.152270058738171343e+00 -8.101746682919787057e-01 -1.181940692290855077e+00 -1.255860574895603987e+00
3.781000000000000139e+00 -5.727801323341696893e-01 -7.453991057315164648e-01 -7.833403190716303754e-01 -7.113500581715780369e-01 -1.042862690448335794e+00 -1.154184619435463688e+00 -8.112063416423714868e-01 -1.183880194134818264e+00 -1.258004027953304904e+00
3.790999999999999925e+00 -5.734067794621718894e-01 -7.464511945534436643e-01 -7.844940017115268338e-01 -7.122048664425598696e-01 -1.044497005448531635e+00 -1.156092946377371700e+00 -8.122333637142931106e-01 -1.185813218576047490e+00 -1.260140721289809251e+00
3.801000000000000156e+00 -5.740301455509345674e-01 -7.474991722584227727e-01 -7.856434267729279775e-01 -7.130556185116400103e-01 -1.046125619163777332e+00 -1.157995077727847155e+00 -8.132557666134605512e-01 -1.187739805282475247e+00 -1.262270695621646066e+00
3.810999999999999943e+00 -5.746502545084306579e-01 -7.485430660553077375e-01 -7.867886220403031983e-01 -7.139023429226176720e-01 -1.047748567259073615e+00 -1.159891051313423072e+00 -8.142735821431283938e-01 -1.189659993571526853e+00 -1.264393991309004539e+00
3.821000000000000174e+00 -5.752671300108187502e-01 -7.495829029010518951e-01 -7.879296150419452527e-01 -7.147450679476236024e-01 -1.049365885080355554e+00 -1.161780904626030120e+00 -8.152868418077069412e-01 -1.191573822414156547e+00 -1.266510648358733837e+00
3.830999999999999961e+00 -5.758807955052789307e-01 -7.506187095036784829e-01 -7.890664330534693516e-01 -7.155838215904416488e-01 -1.050977607658179602e+00 -1.163664674827306067e+00 -8.162955768163019377e-01 -1.193481330438804777e+00 -1.268620706428845057e+00
3.841000000000000192e+00 -5.764912742127693557e-01 -7.516505123252354981e-01 -7.901991031011695865e-01 -7.164186315896287072e-01 -1.052583769711367800e+00 -1.165542398752759556e+00 -8.172998180862424134e-01 -1.195382555935318836e+00 -1.270724204832853088e+00
3.850999999999999979e+00 -5.770985891307677251e-01 -7.526783375846766155e-01 -7.913276519644543150e-01 -7.172495254218408389e-01 -1.054184405650589573e+00 -1.167414112915005298e+00 -8.182995962465167139e-01 -1.197277536858799563e+00 -1.272821182543196539e+00
3.861000000000000210e+00 -5.777027630359646837e-01 -7.537022112607286717e-01 -7.924521061787348497e-01 -7.180765303047396131e-01 -1.055779549581901344e+00 -1.169279853507432909e+00 -8.192949416411973163e-01 -1.199166310833405413e+00 -1.274911678195086218e+00
3.870999999999999996e+00 -5.783038184869147003e-01 -7.547221590947104097e-01 -7.935724920390286874e-01 -7.188996732003188894e-01 -1.057369235310243738e+00 -1.171139656408590302e+00 -8.202858843327862637e-01 -1.201048915156116115e+00 -1.276995730091061487e+00
3.881000000000000227e+00 -5.789017778266559722e-01 -7.557382065932926052e-01 -7.946888356013289689e-01 -7.197189808176553960e-01 -1.058953496342863732e+00 -1.172993557184319080e+00 -8.212724541055271832e-01 -1.202925386800406393e+00 -1.279073376203302193e+00
3.891000000000000014e+00 -5.794966631852881411e-01 -7.567503790312553047e-01 -7.958011626868000121e-01 -7.205344796161843313e-01 -1.060532365892725704e+00 -1.174841591092700144e+00 -8.222546804686741151e-01 -1.204795762419917704e+00 -1.281144654178750564e+00
3.901000000000000245e+00 -5.800884964825082646e-01 -7.577587014541627974e-01 -7.969094988838255622e-01 -7.213461958084366188e-01 -1.062105876881834776e+00 -1.176683793086856333e+00 -8.232325926597043875e-01 -1.206660078352029153e+00 -1.283209601342079065e+00
3.911000000000000032e+00 -5.806772994301296897e-01 -7.587631986810408069e-01 -7.980138695506062696e-01 -7.221541553630449473e-01 -1.063674061944550608e+00 -1.178520197818281767e+00 -8.242062196474855273e-01 -1.208518370621424198e+00 -1.285268254699187596e+00
3.921000000000000263e+00 -5.812630935345345362e-01 -7.597638953069860701e-01 -7.991142998181793855e-01 -7.229583840075575196e-01 -1.065236953430829692e+00 -1.180350839640587957e+00 -8.251755901354105305e-01 -1.210370674943575198e+00 -1.287320650941122580e+00
3.931000000000000050e+00 -5.818459000991192953e-01 -7.607608157057592635e-01 -8.002108145928416016e-01 -7.237589072312966554e-01 -1.066794583409436781e+00 -1.182175752612646846e+00 -8.261407325644742894e-01 -1.212217026728201530e+00 -1.289366826447378322e+00
3.941000000000000281e+00 -5.824257402266865835e-01 -7.617539840323315214e-01 -8.013034385583506225e-01 -7.245557502881058154e-01 -1.068346983671109252e+00 -1.183994970501504262e+00 -8.271016751163150493e-01 -1.214057461082667988e+00 -1.291406817288972331e+00
3.951000000000000068e+00 -5.830026348218195764e-01 -7.627434242253936514e-01 -8.023921961796649516e-01 -7.253489381991925500e-01 -1.069894185731665948e+00 -1.185808526786810591e+00 -8.280584457162109002e-01 -1.215892012815338763e+00 -1.293440659233043188e+00
3.961000000000000298e+00 -5.835766045932033741e-01 -7.637291600098340405e-01 -8.034771117037857735e-01 -7.261384957556338282e-01 -1.071436220835093156e+00 -1.187616454662364207e+00 -8.290110720360331920e-01 -1.217720716438887685e+00 -1.295468387744542538e+00
3.971000000000000085e+00 -5.841476700559324886e-01 -7.647112148991888070e-01 -8.045582091638737721e-01 -7.269244475212558454e-01 -1.072973119956577293e+00 -1.189418787040904535e+00 -8.299595814971602037e-01 -1.219543606173572048e+00 -1.297490037991193335e+00
3.981000000000000316e+00 -5.847158515337720353e-01 -7.656896121980495407e-01 -8.056355123799516793e-01 -7.277068178351604466e-01 -1.074504913805500061e+00 -1.191215556555490274e+00 -8.309040012733541758e-01 -1.221360715950446929e+00 -1.299505644845017960e+00
3.991000000000000103e+00 -5.852811691613853950e-01 -7.666643750044271899e-01 -8.067090449633027571e-01 -7.284856308143093928e-01 -1.076031632828376328e+00 -1.193006795564563127e+00 -8.318443582935916014e-01 -1.223172079414535540e+00 -1.301515242887555157e+00
